208.398814
201.856637
195.733240
189.980447
184.557697
179.430679
174.570211
169.951350
165.552657
161.355604
157.344088
153.504037
149.823084
146.290298
142.895967
139.631413
136.488845
133.461230
130.542190
127.725916
125.007092
122.380835
119.842644
117.388352
115.014092
112.716262
110.491500
108.336658
106.248783
104.225097
102.262984
100.359974
98.513733
96.722050
94.982828
93.294079
91.653911
90.060527
88.512211
87.007332
85.544333
84.121725
82.738088
81.392064
80.082355
78.807715
77.566955
76.358934
75.182558
74.036778
72.920588
71.833022
70.773153
69.740089
68.732975
67.750988
66.793337
65.859261
64.948028
64.058933
63.191298
62.344469
61.517818
60.710738
59.922645
59.152976
58.401187
57.666756
56.949176
56.247960
55.562639
54.892757
54.237876
53.597573
52.971438
52.359077
51.760107
51.174159
50.600877
50.039915
49.490939
48.953627
48.427667
47.912755
47.408601
46.914919
46.431437
45.957889
45.494018
45.039574
44.594316
44.158011
43.730431
43.311357
42.900577
42.497882
42.103074
41.715957
41.336343
40.964049
40.598898
40.240717
39.889339
39.544602
39.206347
38.874422
38.548678
38.228970
37.915158
37.607105
37.304679
37.007751
36.716195
36.429890
36.148716
35.872560
35.601307
35.334851
35.073084
34.815903
34.563207
34.314899
34.070884
33.831068
33.595362
33.363678
33.135929
32.912033
32.691908
32.475475
32.262657
32.053378
31.847566
31.645149
31.446057
31.250222
31.057579
30.868062
30.681609
30.498157
30.317648
30.140023
29.965224
29.793196
29.623885
29.457237
29.293201
29.131726
28.972763
28.816263
28.662180
28.510468
28.361080
28.213975
28.069108
27.926439
27.785925
27.647527
27.511206
27.376924
27.244643
27.114327
26.985939
26.859446
26.734813
26.612006
26.490993
26.371742
26.254222
26.138402
26.024251
25.911742
25.800844
25.691531
25.583774
25.477547
25.372823
25.269577
25.167783
25.067417
24.968454
24.870872
24.774645
24.679753
24.586172
24.493880
24.402857
24.313082
24.224533
24.137191
24.051036
23.966049
23.882210
23.799502
23.717905
23.637403
23.557977
23.479610
23.402286
23.325988
