-3
1
6
-8
-1
-4
2
0.6
7.81
-1.4115
-2.88728
-5.83106
-4.48862
7.55307
-6.30781
7.37243
1.97064
2.84418
-0.65634
6.30567
-4.57271
6.73005
-8.36537
11.502
-10.3383
13.4475
-13.4132
5.89636
-4.29542
3.62184
-7.35235
5.5175
-5.4052
3.28782
3.81777
3.28997
-4.37954
5.38473
4.31685
4.18825
-3.64875
1.66031
-2.99646
7.3407
-3.00032
1.49387
2.39995
2.52868
-6.72316
-5.02471
1.55557
7.79617
3.5842
2.41554
-5.44289
-1.13301
-5.51363
8.71759
5.84804
6.28314
-7.78199
4.58991
-2.94505
7.12484
2.27516
5.33363
-9.65124
6.14237
3.33845
1.67702
-0.859061
-4.29546
-1.25627
-6.26296
7.9395
-2.04429
4.57497
-2.08675
9.18373
-4.16471
7.20359
-4.94956
11.6018
-0.983806
6.94216
3.00812
9.82441
-3.94632
5.83408
-2.92749
5.26957
-1.22165
1.03478
5.52553
-5.61268
1.77021
2.49337
0.947154
1.63809
6.87929
7.26582
-4.46006
0.345109
0.377258
2.52913
-3.88441
0.0277928
-5.37667
7.1392
-9.50542
8.51282
-9.07704
4.86743
-8.336
13.2143
-7.75144
-1.13421
1.9229
5.16366
0.512916
-3.76851
-2.24539
1.20767
0.163108
-1.94184
3.47345
0.478963
5.41481
1.23611
-5.52014
1.93038
-5.41254
1.45663
-4.88133
9.18777
-7.76002
9.91676
-2.10392
5.48286
-13.5298
10.4227
-10.9934
-0.279165
-6.67386
7.62579
-4.67656
0.49306
4.89125
0.585207
-7.1956
1.99717
3.55433
7.0995
-4.16924
8.91393
-3.91671
-0.164823
-0.630341
4.22904
2.39025
-3.7472
-2.29469
-6.03025
-4.25811
4.96943
-4.93863
-1.11906
-10.4191
10.0608
-4.93486
-1.63841
-11.2409
4.46333
-11.6727
6.61568
-8.05821
8.74458
-13.4987
3.8812
-10.6569
8.75075
-6.93798
8.69595
-4.86941
0.83575
-4.38509
4.31315
-6.24826
5.12637
-6.52648
7.28998
-4.15281
-0.92425
-5.61245
-1.25591
6.23012
4.62511
-1.95233
2.85812
-0.478389
4.43595
-9.17741
4.06213
-2.04704
6.10163
-2.80807
5.67573
-6.36523
4.4428
-5.1635
5.54038
-8.97118
7.699
-3.12487
7.08912
-10.2173
9.62088
-0.221481
2.86937
-11.094
-1.26516
-6.68182
-4.30314
0.715219
4.54381
-7.77754
2.75929
-10.0292
-1.48405
-8.8374
5.18451
4.08743
-0.79467
-0.821615
0.581037
-2.96084
-4.95173
6.15161
0.815467
4.00753
1.75229
6.49699
-3.83707
1.54917
5.31155
-4.72113
-3.26505
-6.70689
-0.431347
2.90194
7.34865
1.42378
-5.50771
-3.26274
-8.36416
-3.70866
4.06023
-2.22546
-0.617756
2.76815
-3.44169
-2.75283
-1.36927
-3.42646
-2.49167
-0.673025
-4.63257
4.51893
-5.05765
6.96145
-0.0419782
-0.228023
-0.187018
-5.02198
6.94838
4.64909
-0.426297
0.423251
-1.69608
-2.8987
-1.2237
8.07921
7.50591
-1.44655
-4.45369
-2.78886
-0.891794
0.5919
-0.913036
5.4584
3.13356
4.94228
3.76686
-3.03623
-2.48343
-4.11414
-3.51033
5.31053
-1.24706
-4.97684
-9.4212
8.54631
-0.0967554
8.3028
-9.73709
5.09945
-5.53862
4.96037
3.94877
2.36016
-0.547798
-1.73169
1.76661
3.63778
0.687913
-4.14031
0.778262
-4.52376
-0.57056
-2.60336
10.4204
1.15754
2.82341
2.88361
1.43277
2.98439
3.54049
5.87379
-2.79454
4.5334
4.69642
4.13621
-6.40773
0.801515
-4.03324
6.58004
-3.49629
9.01604
-8.96275
-1.82793
-2.84703
8.53396
-3.08619
-1.44616
1.77004
2.63561
-2.08821
-3.93555
2.34102
-2.8386
7.90251
4.04474
1.47874
-10.0099
1.35374
-2.21053
2.29988
3.65321
7.9782
4.34378
-4.13628
-1.65292
-2.67168
3.60256
-0.679528
5.17457
-3.40445
-5.18651
-8.37404
2.42041
5.16996
4.5955
3.15732
0.216466
-2.6968
-9.3891
1.48878
8.38491
4.84125
-4.97363
3.74662
-1.73157
-6.41161
-7.52913
-0.746035
8.51651
2.68007
-6.24039
-8.90781
5.00962
-5.41909
0.0979267
-0.39405
0.767315
-10.5316
-2.83521
6.01431
6.55073
3.27631
5.80397
-2.84476
2.28995
1.3819
9.16767
-5.78044
10.675
-6.4255
11.8364
-7.86819
3.3359
-1.01846
8.19001
-0.528436
7.91379
2.52989
-4.71659
-3.43942
5.43435
5.37464
1.20561
-3.86278
-5.19429
-8.19624
-1.91589
7.3007
0.252551
-4.87746
-0.675154
5.81158
-0.806036
6.05916
2.83523
8.24029
-5.04339
-2.59898
-0.96258
-0.873853
8.08308
4.64807
-1.59161
1.4272
1.06039
6.20629
-1.49004
7.86035
2.11467
-4.2837
-1.88852
1.88033
4.16399
3.40081
7.96242
-2.33253
-0.703317
-3.63124
4.40701
4.51335
-0.237855
0.664465
-5.00302
-2.22389
3.48637
3.68568
3.72612
1.81435
-6.38655
-0.313216
1.92215
1.00106
-6.84441
9.42541
-4.07717
4.66815
-0.306298
-2.01782
-10.2705
0.661247
0.370939
-4.03764
3.96186
1.7563
-4.2803
-11.2305
-3.83874
3.39944
-3.37143
3.54339
-1.43432
-3.76247
-11.4093
6.99959
-1.02065
6.00971
0.910565
5.50489
-11.7114
7.61519
4.61408
10.8875
-7.45507
6.34062
-5.32122
1.63297
-5.51306
13.0732
-1.17974
7.39446
-3.04496
9.28299
-7.51997
9.22005
-9.46435
14.1443
-4.35254
14.5174
-9.63812
1.64453
-6.03107
1.87441
6.05103
7.52781
3.93436
-8.40168
1.30836
-1.93815
0.143579
5.88646
0.466452
-6.70272
3.11898
3.08357
-5.20226
1.39753
-2.54828
2.85715
1.84961
0.816541
1.96077
-5.36201
5.00406
4.62454
-2.23206
-5.3359
-1.83213
-1.11262
5.56738
5.72297
0.363397
-5.39495
1.56945
-6.95698
6.54231
5.9793
-0.548957
-8.26124
-2.06688
0.965362
0.986294
-2.46807
-2.66913
-4.73338
-0.400821
3.27175
-2.00961
1.11818
0.0356258
-2.87029
-6.09054
2.24739
7.59079
-4.1554
-1.88389
-4.628
-1.42429
-7.87657
-3.10048
0.229188
7.76148
-6.67201
5.34492
-9.65644
2.84092
-5.01304
13.5141
-3.18523
5.39982
-3.83158
-1.33844
-1.43982
-1.52241
6.91531
2.94229
-0.210422
2.80738
3.66495
5.10686
-0.343255
8.41403
-8.51459
1.09406
-9.9104
2.47765
0.262508
10.9902
2.21569
-3.27049
-1.44301
-2.32887
7.29984
-1.59285
12.2247
-1.16675
4.44274
-13.1648
3.40456
-8.58514
10.3275
-4.95553
4.44327
-2.30144
0.591224
2.48719
-3.78211
-1.66325
-1.56882
-3.25522
1.19392
3.43769
3.80081
-2.37965
6.61417
0.401642
5.87429
4.0207
4.83602
2.23557
7.02427
-4.03976
-5.08923
-2.62
3.96712
5.83368
8.06689
6.87143
-8.63956
3.54427
-5.8163
5.15984
-6.27715
0.882465
-6.62825
3.34179
0.281404
-3.14426
6.00358
-4.7631
-5.41788
-9.77599
6.89936
4.82988
7.94807
-2.86767
-5.83725
-1.12252
3.30872
8.32707
4.78166
-3.42028
-3.17694
3.17113
0.35046
6.88073
-0.265476
8.66714
-5.98164
8.54873
-10.2354
5.73786
-11.4742
15.4605
-13.0878
2.18298
-8.60194
3.17763
-11.5814
4.48472
5.60655
-3.13042
2.84546
-7.62956
-3.16391
-3.3547
7.26389
5.08259
1.446
-5.15167
2.57556
1.67018
8.05345
-7.30118
3.09912
0.384091
-4.40162
1.44302
-4.1155
-0.465063
-7.57387
0.0211371
-3.91338
-4.99637
2.90486
4.7191
6.39984
-4.23751
1.55549
-2.59734
-2.58396
-7.4829
9.4338
-4.56699
9.50054
-0.743191
9.02908
-8.6591
6.48005
-6.27189
11.6466
-9.17708
10.2647
-0.0109589
-2.21198
-9.43195
-0.549384
7.35042
1.50412
-2.91265
-2.00898
3.47708
2.83259
4.3628
1.83072
3.36818
-4.48688
4.79495
1.07786
1.4405
-4.28905
1.75776
6.17313
-2.14973
5.95685
1.28743
-0.890416
-8.68295
1.37816
6.49087
-0.58699
-4.40806
5.09636
5.99578
-7.30087
-3.59458
5.35901
3.09957
-0.723193
-2.04961
3.80516
-2.02448
0.302003
3.19076
-4.01753
0.623773
-6.42407
6.7783
-4.54601
10.2231
-8.81327
-0.436708
-3.92507
-1.56109
5.76659
-0.39108
-4.45208
-0.708637
-6.43568
-1.75839
2.08981
-3.56426
2.49233
-0.471815
5.12692
-1.59229
4.42944
-3.4348
-4.31163
-3.1562
6.48897
-4.74653
1.75415
2.10081
-4.56393
1.16111
1.26672
1.01207
-9.74489
-1.39213
-1.75821
4.87066
-4.06396
2.80141
1.8289
-4.68773
-2.84769
-3.66401
6.81159
-3.59332
-2.75809
0.642768
-3.2566
-6.24034
0.80723
-0.679629
-4.01463
-4.3935
7.1141
-1.11974
-7.32892
-7.4499
4.97733
-0.872009
7.90305
4.49931
-5.95135
2.35592
3.63226
-0.00828843
-0.453803
9.86473
-3.27708
1.69948
-1.56198
3.49455
-8.87998
3.66798
0.662807
0.973301
-3.95191
4.99373
-4.51011
3.19265
-6.14906
1.28477
-9.27001
1.76704
-8.07946
6.00772
-3.87881
5.1706
-4.29995
-2.26912
-6.29517
5.60628
1.24766
-3.40838
0.0431981
-0.487738
2.47865
-8.5679
8.8355
-7.99412
-1.82066
0.825779
0.817735
1.91055
-3.70408
3.69981
-1.99787
-2.3824
-0.554733
-5.00892
-5.15622
-1.57898
8.26135
0.365851
-0.0555932
-3.90097
2.2617
-8.1704
1.92676
2.95579
-2.85294
-4.12153
-6.29553
-0.351989
-1.46491
-4.59221
-6.59757
-5.73899
4.45496
-6.95868
-2.90138
-2.98388
6.67252
-10.8193
8.02469
-10.9534
1.94641
-0.794616
3.05881
-9.19552
4.96491
4.37657
3.1985
-0.172116
7.01273
-2.65176
2.09055
0.890281
-0.0763805
0.184036
-5.9694
-3.25563
-5.85458
0.104084
3.42278
-0.805329
-6.95523
3.42581
4.1442
-1.44179
0.665936
-5.16035
-4.17768
-6.53593
7.83025
3.42559
0.544521
-5.29387
5.07463
3.54126
3.15303
2.93719
0.438788
-4.88325
1.09099
7.36504
-4.35896
-4.71785
-2.30617
-3.81095
-6.20779
-4.20195
1.93696
-4.15945
2.57176
-3.67535
0.0998376
-0.462158
7.04532
3.03993
-5.21597
-6.72563
4.93793
1.03873
8.57437
-4.0696
7.20679
-4.58369
-3.28378
-6.21395
7.99619
-6.30775
-3.08862
0.222917
5.06717
1.5211
-6.83984
7.77946
-8.51728
1.0007
-7.28216
12.6597
-4.63644
4.92395
-2.07454
9.99955
1.19416
8.97295
1.20058
5.66779
-8.91339
8.59638
-3.41903
13.3156
-9.45566
7.31318
-8.77166
4.0744
-7.66796
12.9032