-5
2
3
-6
-2
-7
2
-5
-4
-22.790000000000003
-2.0272999999999985
-13.964451
19.97481863
-8.0831536219
7.132413506847001
-9.22023405557011
-15.932011794617488
-12.057069893956317
5.578245209090159
17.08200639362
13.11589019176061
14.443006484277706
6.65915065088009
-9.536816005427632
-10.624567664022349
-19.80559939464611
6.548171926968058
4.54975492810107
8.741601706740566
6.68758802167426
9.042915551656577
16.518700437515186
-11.908843430503756
-13.13233743008199
2.4151122683880564
-8.077260085496492
17.94690821028534
-5.034682630653396
19.19841266138547
-8.44058429580715
-21.381047855564503
1.9203672975452335
-18.330679930199764
-1.3929058206583227
-11.82093882630566
22.862612158082957
8.338489537246623
13.289063968391426
7.6819080992312125
15.946155420067587
3.1939596907892067
-2.4415407759576127
5.4416892371642565
9.327400187837746
-10.307912965334094
-15.208394171327141
11.966133588903226
0.8738272978008448
-15.111061044724137
5.051187884128536
9.408887903982412
-20.335535778232362
-8.493934029444116
-5.69868412951704
2.8381391222679944
8.050225412570397
-13.44911029754017
-8.680091179070345
-11.322626873481022
-16.00998161129507
22.705639463834295
-9.691845283831412
40.40447849398049
-2.1928574280447206
21.014138637774387
-40.544967171684746
-1.4892665538745824
-24.28428695019354
-0.09545950927263558
8.857994096866792
4.556169436178566
18.42664426965046
-5.055953104900073
-3.722179828088275
-8.024118837261724
7.5042568645972985
-8.924416632254255
43.39419616309163
-6.697329997893377
16.19082340819897
-20.086443321256368
5.836813643255723
-28.102425545068083
4.415121370561043
2.6882963033110467
0.016654836192798506
15.092918806459531
3.483411107637629
-7.456624771468996
3.7915545669885233
-7.568234937991219
12.910603974879589
-16.351634487923228
7.798652482851782
-16.4137953288449
23.12250513874937
-5.725250717745638
36.23134425744737
9.294696083328336
-23.13933349636142
-1.622124561929497
-15.194935770485852
31.934287970219614
-1.2809092924813958
19.410623536754713
-20.87749998434606
-14.404229161922844
1.1025089366936394
3.4735745589959697
3.63834170811465
-10.755486206515815
-15.691642966918797
-4.2533505916467345
12.91371952676915
29.246141245881148
10.19931254758231
6.5095603925305685
-1.2827016641015971
-26.708778178332405
1.1544273469925743
-6.70951872055541
22.55635306535506
13.394605743694235
13.34442166633169
13.143856742301558
-46.49488125459016
-18.864699959107536
-6.732563163434115
3.613365222011848
30.247401289595015
3.0945515345371843
6.497127969249787
-24.310466530762028
-6.447760396818487
-26.106628339763795
6.861557341393198
4.077875265398082
20.351017213972263
13.983619106793725
-4.812439707057522
-29.70546082406701
-0.011380325154075166
-3.6634939186627093
-0.5059205420500148
-21.855090366360077
14.398126345862451
13.456775971944099
9.779424490567202
-7.61945685521726
-9.743532158926127
-1.7161341190236898
-19.31255289787801
-5.479451206825729
20.68676143957947
-5.49735048881444
-11.001329722131644
-12.296678149208851
-4.77038886240377
-12.486525825398983
19.387520433493293
26.486404339160366
0.4621741112662203
18.020553363722986
-12.551672920588754
-11.107627245961568
-22.539033371455503
-4.624814623016143
8.717288630790637
13.746018359621463
15.238464370677702
6.190368141227741
3.4859010977910683
-26.06692467612638
12.03699148608851
-10.801560585824387
-26.815053509421162
-6.29115442278243
-21.664756630859397
9.933083701060685
-10.793180354498038
21.483987079046614
-5.722478372454404
8.423955869090914
-13.064475132417336
-6.608279509899287
-25.54299288552477
3.2689214030735307
-22.361305903898742
17.597502379423865
6.72162394403283
17.196977174426216
3.2510255903569805
-24.27279804185207
-12.48656108703867
-4.403664230243052
33.735635499892226
14.801011940295222
11.836222157860304
-5.03908063880189
-32.27912525512865
-22.61864717340744
-16.233395468571587
5.312199055312204
-0.015086023072034216
35.035600664098574
-4.45892132306896
9.828056200049083
-29.490703825952828
2.0527218436758137
-9.99831671410482
17.267361158689553
11.321232681899733
8.183016419647142
-9.880488819534875
24.597489910132143
-14.87348262394268
1.3665579854098384
3.128533552235193
4.322453669239122
16.43358876725236
-10.733457088257286
5.790559900601886
-29.226988684195934
-28.632227262239297
-14.800540536039245
-0.9868661887037584
3.5741519300409488
0.0980543459471086
16.52274366032509
-17.15409326142413
-19.03290937826897
-14.540813662653399
8.74640681653371
26.96581430697193
24.97469571343223
24.27306192860867
-23.363781570450822
-2.4655730918277987
-16.45195981253626
-0.9267400081679975
14.502666310683663
9.875784275782173
13.348856715126393
-10.441707894498684
-12.621943421087197
6.672876834375571
-1.809703710941549
21.56414567037746
-11.855059819946863
20.807279953326002
-14.342204685303125
-35.78861468360062
-11.464675646385244
-9.28174358196944
7.122358719171677
1.4019804386917794
9.388523093009464
20.67150169689564
-6.077652169733776
17.875168030866362
-11.485837613726977
0.9223362538669337
-25.888151916395962
6.671345397139001
-5.245854103773113
-9.753769133957688
3.0463892419379492
9.281739920078268
3.1116042299238877
5.2654447090673315
9.438049439096549
5.9730172703625195
-12.542034596974514
2.6797503234727347
3.361482587011752
13.140504709022277
4.249321083556268
-28.859299447188416
5.30112097656788
-18.072234036285305
1.5250131866752
-29.66523641397335
20.656823501408777
-16.910607355718426
0.8957583356831593
20.012882453593434
-26.953592806091095
14.15079930336559
-8.929934171111942
3.4142436651644354
-19.59852899538364
-4.568691661037037
14.566462510067865
-12.946184093241932
26.650379519628228
5.663733164548232
0.029465314085934224
-4.55734039928336
1.7455134504178176
-26.6753953678094
-4.4107973863914225
6.529512926498348
12.604405849905872
-11.120350222289861
3.496816765551309
2.29765164703773
-1.654788977047577
5.812856989975249
-16.830859716504545
11.535652835496032
-14.157818046296216
4.82688225866003
10.43476952486498
8.416757071929618
12.621725315136787
20.029373828520157
-18.488501697746457
8.083593556911918
-0.9356189656423957
12.66122156130227
-26.409145101951786
-6.0196871961109695
-2.827675664378692
-6.329100686331234
17.88216835979504
14.861215767665941
9.221310866089649
-5.213976887563034
-31.568684194273
-12.570671265211717
5.164492604101159
-3.5498505678675243
20.628134430118756
8.028645235408517
3.368549905655626
-14.229739079673319
-15.10943184321587
-4.350343574721994
3.3045463075937924
25.560476043523856
-3.0449470385209674
-0.42436088127580796
-4.272759158244924
-8.220265670215078
-20.565782449794238
12.20860885358023
30.474116252322247
7.16992809203028
-6.996501982978614
-20.762300033707504
-1.889360851463242
-13.022547308266564
19.426332908445566
7.9381552429772215
30.550920478066686
-12.30958424228427
-2.6345562055388116
-8.963984163464886
-24.87506607498697
1.630779649154592
-9.19601047880342
24.064350014074478
-17.979989718922372
-0.7138706943431634
6.68227690700502
2.378303442167576
19.594916214291253
9.046159364885035
-9.714243210230162
-11.226596223517557
-34.99948146366633
-14.067655306840702
15.264886836891511
13.682260034893336
18.677552533327987
10.026626147587896
2.0687023479489826
1.0818088038074247
-29.000039143521573
16.163903315359786
6.957360849164724
22.879552528527206
10.05304017667789
-1.1630167726918188
-13.40707166691116
-21.776149063900082
9.668335463459742
8.344832782909368
10.998220372488628
5.807647075413126
4.461716717912855
13.46633757754587
-2.876829895678007
10.948601230057582
-8.396292032543162
16.232015062258785
-1.1684969101798928
3.805724390357887
-3.442330881647094
-2.9857531481910673
-6.858584765674488
25.85954950368143
12.722085263335648
42.47155084543256
-19.428862346716958
18.375999231335637
-34.45964227190751
3.726137227764468
-35.55796512962179
4.495163944537927
-27.83225941319381
-8.439520915376878
-2.577972383767414
19.388328962016462
7.526966773802184
9.817144391186371
3.68116109329927
17.415121508881008
-32.48961963199929
1.7102872717189168
-16.459078824237853
6.2858736348912965
8.838559198757135
24.437847317951324
4.2624253081371135
-0.9687611830780054
-14.294318141226144
-2.036817582223158
1.4995115957017506
-16.237190353369364
35.866647801677686
13.312014663468403
3.4280374839366754
-5.967791146555903
-9.01412860872507
4.864376659275663
-13.052280679450552
10.139557644638309
34.394432004819826
-17.160980812934262
10.728707834332848
-17.298605509283245
16.670761617523432
-25.915247053712584
0.6505957874902806
11.12054242548749
-4.891710124422563
-12.795714203603136
4.611739992230172
-35.211214241497295
17.53015590671574
-7.099296709249698
26.583672821320235
0.9430796090646147
12.196534698738315
-13.00431992827739
-7.610640208653944
-1.3612338531325179
17.186405841570078
10.952323951513932
11.575175580325173
-21.29171768698862
0.10019454650932325
-9.504202059612139
0.21392886963055346
-6.0529059124346265
-3.381952427792257
25.575087223345495
-22.444898040178973
7.161266540556458
0.8565947368397824
-7.9281606221013465
14.12541322219639
-39.8680278542631
38.34184614404565
-16.668204487552693
7.135110119496215
-13.546184617269336
-0.045142792281000155
7.721120885172612
-12.474398365657988
10.922845981870545
23.512652872191687
15.056377316455272
11.289932489833006
-25.380678647642135
-13.585397283343475
-18.19695705431156
-4.054995911503809
45.396583684796155
14.093583727478114
8.679552496893331
-21.828339787064934
-26.94161251807285
-11.2054794132759
-6.156742311228966
20.658527038750087
13.919737271338821
2.3510619728950033
-1.4931193422707634
-10.86840241246614
-3.484414754451814
12.402522415341371
16.534732875866155
29.1643468156926
17.55527935328065
-31.947477412306625
-16.2168353888437
-14.771954077305816
-2.397464070284194
-16.147049887143446
-8.016066694976534
15.86814449120763
-19.398477024384277
12.347137716191284
-6.481173376517578
26.68195526242269
-23.356731669827973
14.810440359555754
1.0809347288575584
3.194234002406322
0.17178656564648165
7.327138371934649
9.150581719533108
-8.291435538666288
-31.751946185422195
-12.85790312129836
4.071878205405456
10.388658938069053
28.87929290441582
15.441301223374765
18.99428422624985
-21.215039584810114
0.3501091109472707
-11.667255270758883
-18.452461085375496
17.37729578789577
9.540291845196847
14.491515649421734
-6.967632774672641
-5.739002471238313
-11.646711252710205
-5.354767821271105
-8.69237985317277
2.386139972495297
-9.675646959793173
33.718650708986615
-1.0679238777892373
-2.2856406824966644
-16.46148389291787
0.3030665632596512
18.64150618141462
-3.8450833188185873
12.603003833702513
7.643707493699225
9.0061909125327
-12.096090536557746
-5.536424626113519
35.218461870135314
-14.998744218439324
24.715199273710425
-5.132421428530945
6.947424578856322
-12.462785566660392
-26.80834475679137
3.4522420783001957
-11.949356731240243
29.93302653290609
7.54560515120857
34.729773389879256
-32.915838867110935
23.334068494790074
-50.41948634904821
30.596991439019853
-33.55046809009219
10.667405908330243
5.575244880830203
3.8104644022058967
16.625518515357513
-40.90482499132381
23.44003023871634
-0.6817675055789962
-20.472977597120796
3.8119340751722
2.004772056818686
7.921393333787369
-1.8427304090597554
23.046603879527694
13.552935474933678
-29.358916450419812
-0.8087357595114559
-0.7290961837661474
9.167781427152708
-7.52586141168803
10.523062893414105
9.279215895348285
-17.52327262805401
11.305763744332815
-17.394347868417587
14.589419018558063
-5.309203955923552
7.149908672371881
3.1519742218362614
7.658198453474057
-18.34742981483451
-14.159425097344185
-11.247389852456141
-3.9962301989674183
-10.713233415994754
3.67083197676043
-0.08818323738494849
19.195991153312917
3.46325255524569
0.20647184962779797
0.43083371732978915
8.552440469680011
2.8090347390249732
8.726813645417401
-9.207646531082897
-0.7771558327031709
-14.023955231773238
5.844660523531903
3.942414846190673
-10.338464851053583
-0.13231550985427631
-5.353700832234706
32.50309647865345
-5.0489892274586134
23.460830551273478
5.299763517045286
-12.110569631986591
-15.46769491915573
-22.37293321012639
-14.455247699909298
0.04960945466211486
3.6591754632037414
8.894500938664036
-19.396514634404895
15.056405715482112
-12.674653262334413
2.517488040627012
-29.82064083532784
24.72704024081
-4.233118676150102
28.662472808755506
-4.838571686261613
6.144958616092362
-7.568361212024616
-19.728885475635355
-5.392085356101146
-9.331228774480845
-9.380438889520997
18.576803595240538
20.938909588055775
31.23746716204107
-8.209513317363928
3.964608375942352
-5.902791158473804
-15.025857428412579
1.342955677391255
2.5718697832333586
-3.477974537428498
-0.7488880704785963
5.7801667327409945
-3.8959598562507196
-2.2304577976221376
0.35635367947177254
23.052012291017892
2.532546326524347
7.946601461525754
-10.034614248849689
-9.523273043532473
-9.463261028863107
20.638568941048
14.955427301434716
23.214560746356092
-11.936767606730134
5.1899765702602085
-27.919033674079355
-10.377387252770124
7.000070838289776
11.053424827072059
8.517292180800684
-5.002107812865349
18.53856905191286
-21.318536924637755
-7.265925725921348
-2.767428497306466
7.614915511019455
-8.453288795326934
2.6503621284503405
26.66126795996188
-1.1782109290417875
-4.4090062537270125
6.313885124228224
-23.63180870988464
5.525607659941658
-28.594318619052004
26.29146873882823
-15.727956378907667
6.947153900862272
-2.0006428607763365
21.952840364099323
-30.559594756215656
1.0490396559835704
-19.111835628852337
46.807277414295314
-20.73349587746239
30.908341670555878
-10.280581304223134
6.341960949550488
-10.147858405320049
3.974751393880439
26.995756426415397
5.070420045134088
15.949292278148956
6.525297310104349
-11.167850526989028
-10.695687120839592
-12.775508954613509
-11.173137009173388
16.309240969391002
15.992760686434
31.645270765119847
-1.9829898214804746
3.9766897592407338
-20.733448446847802
-4.319756393866452
18.653337734309513
-12.406933547553692
16.525723942976406
-17.04019151391653
-2.3565123671060944
-49.56354702403402
-2.9115904905350902
14.458498687942097
4.359361614873426
13.026185107950134
-5.686358971455414
20.99575369551559
-30.64158861231158
-9.576997067788268
4.965971715963324
7.638629563242542
-7.81543753556705
-5.257113399365752
-1.9151111438079083
7.4428145256053515
-34.71213952619634
23.717789982821824
-9.258187650666773
27.793204191572723
3.9001393855022464
1.7913398037486727
18.811735234832522
-36.122608506389476
2.755223123010438
3.239085066109217
-4.054148889053406
26.064787746398494
-16.035575863973186
32.48275279756601
-0.23665137592357444
14.878688271299076
-17.447030002714293
-11.087032912986457
-1.6486849730529594
-32.214845963654504
27.778816886856898
-2.9748148845770093
21.063153624996165
-35.674544442316304
10.554675065424112
-21.240400423241105
-10.359195636077564
15.2895020035946
-6.43794928071898
25.666092293058497
18.567904465907343
0.10314972263645306
1.9529849312520362
-24.892063969271362
-27.590267618268918
8.694189785993402
3.1791540640817586
22.231244341490832
-4.870189443246144
-2.746106920838761
-15.489569313759047
9.962313881774843
5.867107738730973
-29.268156024369766
3.269956787073152
-36.785368816755856
-12.228168618515287
-10.679943536789505
3.9133424118658637
22.39687783562777
1.910551109569247
-9.700604903752815
-3.106064151917895
-5.340868642869671
10.653613179953416
21.789633183538843
17.719334568637763
-2.8463031728638963
-12.707399229663606
-14.997213244862628
-2.7939274453824874
7.763428583311659
12.528520838095485
30.477491054620103
7.40736539789626
-22.328320606477966
-5.466531395258716
-3.1156657423884475
-7.440676839892137
12.309000683094167
1.9637240863659402
20.723727261984692
-16.55200086369271
16.463773112243512
-13.894548411420077
4.093013481724605
13.500162305140556
20.59293818902815
16.21618742839701
-14.169064201718392
-8.85346018034285
-25.461087665056528
-0.9958336324966046
5.51111210311577
-9.440143700247019
4.706912204682689
15.567147398721172
-15.113648338957045
-2.267149998776743
-3.529688668238146
16.53703775960378
-1.9056489393286469
-1.1999161121881494
7.286003367606783
-6.969153893902842
-24.23773128391729
-8.733203791843252
6.7630519185557905
23.174623846503756
6.007196575811438
27.80292792184268
-6.592328954852476
3.659988437258502
-9.44009972729845
-0.05894509194884545
20.90953924458757
7.519296113084435
3.918302222952347
5.792327011438391
3.9044300063719035
-0.6375202916593414
-14.127589937848114
-1.241917497416893
-15.712123699043488
7.140022184069695
-13.276543263288957
27.714553301690216
0.47098557825402687
10.96783576316852
-13.03655782784617
17.85524545624228
-6.874756959089441
5.343915369686079
-15.864176350603348
4.076151641430997
-15.182219011492467
8.372507389317178
-4.4916359630623335
11.918677302368328
-22.11577320471078
-10.611911386885636
-9.010227444599892
-5.525911932758484
-15.643372083310346
15.726427188742154
9.708579674533103
1.262065789431321
-0.5469810548797942
10.854248848823666
-35.46130584583101
1.8120947625658674
6.782926734017831
24.54489659358757
-0.7302370923071662
-6.714063473010487
-7.586578244080146
-0.03873071275734352
12.22439533726852
1.4016117296880317
15.73530851680497
-5.299000546550141
7.2573733483371115
-28.118992196346166
-19.186358227518173
-14.872145286403988
26.820884278769405
2.6685532765815587
1.7082732950554833
13.76241779868876
-25.50984041668886
-3.229992700748248
-30.485121013970144
-1.0129253754540697
-15.480277213737935
4.819640978924204
18.0042034186163
5.054394416476919
11.864500617672554
-7.1787779490879515
-24.177933168220108
-22.310278612032878
-26.442265135919115
14.513159049664084
-9.392282370890966
30.13430876508274
5.614111964880587
19.590283469704502
-31.52719171599852
-10.081889938205258
-13.449031169038705
-12.205835626663536
8.151477834198634
14.487291279898542
32.24566055673172
-9.845722180645517
-5.580280242658391
-16.32452033350561
-6.115015958095263
-3.8854802571340397
20.994658548951946
36.71231006718742
1.5573297624542022
-13.945703445316587
-9.526904371489456
-8.449706608067057
-2.2983800111493338
11.167151281877807
-5.103326139074227
-1.306949446326648
-30.632630205341083
11.531128511194705
-28.751340978095477
10.333815159691078
16.94686219983774
20.405936562409533
1.6401038237474737
-5.627953296141366
10.957436280214035
-4.071006992382632
-22.58284977679529
-13.220776095443368
-34.809319924015796
4.145102582511956
-11.97028252006719
32.01372559645758
16.29878085955235
18.154188775349308
-10.62150733803923
-16.237264282178337
-3.201633100329493
-3.9801812244464863
14.878253964024495
11.874360870630788
28.42587903711278
-31.75869630892675
1.041985693054106
1.5150189300445114
12.60352736970902
2.067604865923923
4.650432326334641
19.758685644368985
-30.93491740352254
-40.42326099782797
-15.381734590265841
-28.02547454788423
-3.699611253813436
-15.203599178207304
13.339707840078262
26.363242231017296
-27.345451040130204
4.080875295918935
-16.203581127221376
12.699657223020852
-20.02565020961706
43.406189050785315
19.43426377040778
12.02103513514033
4.727014475002136
-2.4681028891207544
-26.985781132402494
-17.72128989249871
4.520058770283198
23.649588066309043
-8.08263332148058
16.03640279983556
26.37735712122199
12.760272003070831
-11.296999104509656
-0.3083066738051006
-12.743296768132195
0.3999318427088525
23.272264503031124
-12.91441349905241
-0.4703812268588603
-32.16807856312674
2.5012009605133674
-8.328634858135484
7.242011397275268
30.92610300945167
19.746895328790423
-14.228394656368394
-4.706368075798187
-2.527296576561678
-19.37285332425448
-13.707557416220055
21.328070082636593
7.895884487025285
6.733894879639493
-6.9453204862171685
6.2065363149452555
-40.84813289589316
3.2532332769116676
-27.047908427074315
16.420329105657274
-8.63347325332578
11.867801179688701
-2.8822294260770613
-10.53891830550079
-18.365265159394227
1.4925750837765897
7.974912775233878
-1.9779986814200154
10.127839071904749
23.411054200558873
10.987868592120666
-2.067155791016879
-17.809657852120292
-19.480989406959395
-25.994768039056545
-4.3956564710264034
17.67863418167564
7.50189803697722
16.816473440801616
-1.0083311963688164
-15.485239371059363
-15.499209242959157
-24.06685756637792
22.86631186976392
5.051362557387711
9.841635552245112
-10.15374626279582
19.630482277254266
-11.89266001545915
-6.7296994972488005
-11.012128117689635
0.5243664678327864
27.432456979507492
2.18813488653476
14.24514496059378
4.238632924636413
-18.87456325951735
-7.598361037471376
-12.091964588372917
11.089123914361403
13.9270371753777
27.859428713703636
8.436134496981545
-11.163584141244847
-32.08760975382825
-10.641891136876243
-41.04356554728537
-2.393214115347151
-13.880617472178384
39.021231505905924
-19.03553072068659
17.725044595683443
-23.402760844886245
-2.6940663201510757
-12.42752740962317
-8.733853795825642
25.698817590061807
2.63283605051228
2.814631526840685
-16.772870498104357
-6.734701187831024
5.0958430206476
4.824197412017008
15.744295273323786
4.684696405443681
-5.725032300879279
-30.143296052456403
11.883627660128681
-7.486022293788586
9.48775108163859
-7.360563362412874
3.1429536780693574
9.379797336435919
-4.022466158432087
16.66810313223998
-28.601943268889634
8.456075483741051
-5.887139789257434
7.672501494259931
19.696762178937075
27.867950082060524
6.567001476174797
-31.46030281232984
-20.86919707633028
6.961608521189297
2.00387920142529
-8.71425746752117
1.3107601646914775
7.954446370935815
-21.298910355781477
-0.10529627078154613
9.060305091791882
28.834412565504696
6.5077674698234524
27.396984509877225
-18.03607371145702
-1.491918117461313
-28.360230868743848
-8.405758830243713
-13.159920526329284
2.4574846858132733
19.86340325870652
8.775141292702536
5.78672996569295
-13.744703768078269
-15.543951314253025
-8.042545478135104
-9.989260199483146
33.95577031675025
-8.48891059265808
27.794426492345103
-30.021569328947322
-6.775664799366855
-19.687136985931822
-2.226198893964379
23.34997520714223
-12.831375045719243
32.190050690612935
-15.750217018288813
-16.852050224446458
-12.207988581398013
9.35818090809963
-8.807759457033685
10.610695071815925
20.119415728910433
4.635015934210739
-13.027456795515892
-5.434872141711912
8.291598682813529
-4.4515202838580645
-11.367979568625394
7.820885250283732
-18.235118515017064
-13.530982531970905
-15.987881878796173
0.5983347961238863
25.28452677588497
9.284817080150244
8.266919971663565
4.561956667221763
-22.62302083363666
-4.827889532394382
3.270716365658716
14.007127062115934
11.54424458499623
14.49950787165145
-2.3047407588494826
-7.2012149764157005
-40.35507081624708
-4.104724001113141
3.973346555756796
29.17409384840712
15.10517761644372
-7.963023797049381
-5.988260840525143
-26.476269813537506
-11.820861980267955
-9.993027755263796
0.9282695929886025
3.966558319988322
17.923480232154162
-9.771964705773764
-7.948269226463023
-9.136011818668056
25.582079216076103
-1.5196607688134374
44.69109824696042
7.709696786198502
-6.606106933557717
-13.769694235907753
-32.794902985789236
21.02297669201583
-20.64179339255418
11.315390736199872
17.404198750350012
-10.531722655580854
-16.47354712249834
13.323850721278605
15.318598868891797
7.599147905970105
-13.270289716559317
-5.583738489236038
-10.699155875359974
13.09969876633762
-13.906610368544865
16.776459201593795
3.2564352373260768
-13.385161365733978
-10.148074351562519
-11.289867440654728
-1.046331045018684
-7.427689578274497
9.411201243493567
12.508256774699145
-7.054211830499025
24.236030247937233
3.169446859986876
2.0059864924496305
-23.37341546874691
12.720287684268932
-24.985189204562275
-7.999251036669772
-2.7823845375011977
-15.092781574599222
1.1271547418079884
-22.353208203803966
0.7807383732887061
2.817506014000152
-2.3112530739409394
5.519902145071286
6.7824739287154285
1.2298192014295113
-6.5356511111150155
-31.54131250552163
-3.9642024135361638
5.055536166527649
31.777483505205744
-6.487801351748887
21.07631923810164
-32.411121851051874
-25.456138284135033
-16.849558547811377
23.74927515785296
-1.5500181627009146
34.85221018830325
18.960919474917098
22.366567006652996
-17.661642640437655
-14.047552822575835
-10.59149926594441
0.3080843180448163
-0.7261044168719852
27.515669450689117
-29.74556665880602
-2.552552466406151
0.4888546559934177
23.04621770502817
4.579731182605452
0.6847640688664418
5.0984705775336785
-28.122868862071893
-29.317885916872086
-6.636529635045436
4.259252025709322
16.333759659850173
-7.406366788070518
40.59139543540514
-30.71352276431441
10.818629075502901
-17.335142970637513
7.830195584448824
-9.536016792120344
6.772697739294555
-11.199292745459688
4.853848024314206
-15.979210756715167
-2.124547180401059
-0.5854804815901415
-4.448677833962643
-22.197491549456018
10.209321199677435
-15.049212499262945
18.790960496511794
-1.7089477558470036
9.095734814754753
12.400215559548139
-13.312050472683786
-3.6845922941172944
20.758332871590582
-7.5042153138864585
33.009377354879675
-28.71401533239404
21.891849432953386
-28.34791615760001
-8.974476174064257
3.1996368025069524
26.511000158504014
19.410246811100603
-15.131082241687885
-4.280449455219827
-12.706860022825541
-26.807616170623255
-9.34984811788161
24.007601731921504
14.331737377563188
6.115645302099292
0.2158648246877941
-4.462128796822778
-8.83320498847302
-7.724390388002235
18.579652835376784
3.446245046659609
-4.544902157118822
-12.358935721093818
-15.775517533789277
-13.65089922061475
-13.061596194631456
6.468616678753111
24.890168113741005
14.48489709440995
4.290578241751316
-9.42152733736586
-14.520556872346628
-16.337334741120607
1.7441350576839927
29.601501240435837
3.5244080368812503
2.200039141661393
-14.28020889987772
-0.13387347224137347
2.0994965200799216
-15.347899744874844
11.350977737524087
-3.4574077372969327
-9.450175588694789
0.7915226852298369
10.133197717224354
-5.325057396248524
-4.645253967910599
-19.022581922632632
-5.149575471068079
-7.630849374851187
17.87680848301885
15.933542477132542
28.470516996190437
-3.2580408588291925
2.1663212035391375
-3.923271686050663
-17.23278739449826
-6.9883934568098836
18.612683542959118
4.236468458502397
34.94393374496567
-11.974651807749378
4.068278683644431
-11.660067777273483
-1.2712600269187693
22.022975017701857
26.729684348991753
37.572136484065
4.016726057492573
-9.8506688940118
-22.71678002282129
-14.556957393544263
1.885272612248638
10.157438493611526
23.52124112996003
22.639647882055804
-5.547720302212855
-11.306179235427692
-29.743771277408534
-3.6789119158372277
5.239577229934623
44.1363356332974
4.14872394007893
10.733899548407724
-5.291421016617475
-5.152867655675032
-3.789626809723476
-19.978474079525967
17.417689130189245
9.09939575049885
20.838627436621607
3.868557790606519
-20.043964123353838
-0.3692355431542125
-2.533487658512086
14.2994575519375
11.359769098010858
10.88365731798712
-5.024219575476432
-28.85765535229939
19.951252341945846
-11.675046039172612
18.356508776468445
-20.935836045105393
9.047405840633756
-13.797375247611468
-13.347427705067114
8.744664639854168
-5.534412792218731
0.2758533302961812
-16.036396038371926
-24.699839821338593
18.120000922047517
-11.778011900109021
27.814600676055868
-6.266352616041791
0.40112841533967103
-19.293703528886137
-28.618456607617784
4.314668930071268
16.63480394163699
36.24851771848138
25.239495648078158
-13.50103790934342
-16.995326372237045
-29.03715028259615
-8.08252619260199
28.995766572833517
15.856283140319942
13.848215492284648
-19.963932697291845
-37.84593758239842
-8.175169073675132
-37.82016507200362
41.492444341190996
-0.35360291485114503
14.999948857024087
7.15295023895029
-25.48833061411726
22.014041191884985
-19.113818200181896
22.438635899268547
4.744211059646607
20.64227788885445
-21.99844800797419
-3.6136911264770495
4.773092801957215
8.845479157224405
27.976886540623
-10.34797344061666
-11.648503741561676
-27.854997718233676
-27.087383006121378
4.396226416332483
-4.722602274214021
19.71193789348315
10.37310120133119
22.101804227326088
-7.272995084610802
-5.820964356822012
5.346197486589238
-19.03978899789373
0.09282956993650493
11.839398994917149
-12.445221347212438
-0.5981768721856113
-12.741178228506156
-10.341883327641451
-6.401045307863894
-13.507259507172877
12.147720163007902
4.612258746752582
-8.676640396109407
18.435772653723358
-21.506945598533555
20.996019136093814
5.622804791123797
5.981432756273634
-7.468248593901722
4.230284948076637
12.009716870327855
1.753009304546091
-6.305737287458899
-2.087543564910595
-25.095239102430696
9.393210541938467
-25.022461841243533
30.00603153769982
-0.491915375111329
34.15927864675686
-11.203285908957271
3.9040796139409624
-17.805449002047283
-6.469582067111741
12.411321930091832
-0.8751352606794187
14.397699234493833
-4.998235504179547
-15.444971788678721
-21.370587274839835
12.336915684470764
7.020913674132338
29.884670447629883
18.877556953971943
0.9737684642067352
-18.698776347026012
-21.64064421081546
-19.36201562707059
15.098518312248611
3.245618334984463
41.99565872750153
-18.27465966885753
2.330638515012562
-24.076535998035055
12.960200149399451
32.22747352081289
4.614415161944464
10.027312761158978
-17.189812282903084
-0.780543176898421
-3.182059126253085
-4.797404310548017
13.92277831783482
6.828830443095536
-11.988357939753705
-10.011264716768004
-12.9577280461978
-4.248961644584005
-20.114053500184088
-1.931070549822472
18.976929469818835
23.172259047526865
21.851370673752086
-2.123893845409519
-19.029647583841566
0.3913853008819075
-21.063555274894178
11.101295396214088
2.3728856731271106
9.341729090374097
6.521846149509464
-20.606311258100504
-1.4274212822933379
-28.99571026617009
8.537643733514278
11.700333045836725
26.12989013164309
4.771356805939709
9.910640719940771
-27.631397349055028
-8.634354925313321
-20.45525273274235
-8.956113493340052
2.41257642416462
16.073977870732172
-8.74133738884554
-22.687884415377738
-5.392246345664913
-6.076768874515325
14.54344043957758
7.403792135130253
6.043008780089544
-3.707911786077945
6.960040773766969
-9.104072308905867
8.584733587261795
0.18205671261842138
-6.222970125578826
12.411141264161976
-6.743722518568223
9.733652851225974
-23.07493573564672
4.563523875729736
-1.6772360838358376
2.074018011132525
-3.7525566335321976
-3.509627860159492
2.334733065398848
-15.130939002350132
-2.137261002147764
-2.7876134602893714
-9.145572805384276
8.102757936050573
4.719113163514882
8.098208210523559
6.709136360392447
-0.870252422848045
2.104035653957153
-20.10515892716048
-3.225897874921432
9.605251127180821
11.608432374640598
12.871121648539319
15.899399718827636
-14.543767128592295
7.071488849558538
-25.84594744025874
2.049745714030454
-9.905651533776616
9.354494868377287
7.1272630966979325
-25.1478402057255
22.268364015469956
-16.042431328508005
17.46934470847639
12.187833758799544
2.833436958113742
15.433513170930816
-26.44805136062612
20.6569307303622
-0.3126997055368417
-28.59388573299559
4.60979961811921
-17.977075437389118
23.623426196871193
-5.551244757787913
17.00061568321337
13.424733192941792
-11.808646260836456
-9.994946647180036
-16.133309033616843
7.261083086576942
11.664223045140561
23.01599611963397
14.592603527670764
-2.9092545202524285
-13.78694468028126
-12.355556988153285
11.420188441991955
11.928902481544608
7.18198744505266
14.209800964545826
3.4210000666490537
-12.874648679985665
-9.272819515779215
-3.3132346450820354
10.698514851242688
-36.56925090752299
12.40752239390827
-22.684900263557967
5.005507624931134
-26.90782428816148
13.790105303368023
10.08792616232332
-21.68392289328794
13.969819017013808
4.381762512223808
17.95939310694079
-39.92664714603187
9.710425712468798
2.2631124692455478
6.906670882174458
-7.0786186489921095
12.385313836432072
-3.0485127658446247
14.059466183469484
-23.126365246753736
9.810752187809502
-9.592329474772257
14.639406165856096
-2.877585619754727
6.757923787216455
-13.397799457856621
-13.947896900403514
-10.986677173704564
21.91547359341549
14.296052626390697
12.778823625504582
1.8714504411140513
-1.3593646474572596
-1.230718131577012
-8.545521103353702
23.71543687749562
8.195691171718611
-4.772317808213177
0.3755648695208462
-6.918071464995086
-22.717946381219924
-7.157441580057224
5.244004766349979
1.166461935772705
-0.7112884871897815
10.190966257656054
11.10965579586836
-8.532369778234631
5.365924040309283
-3.4545472213936623
-11.083037357636922
-9.652749923589559
-14.95558420534734
29.41075010183824
-7.053407632976857
26.030856554985835
-10.333485429298923
-5.535361035166126
-13.449294241491978
-33.65518234453951
23.933955300865073
6.651707601779617
21.85932519697551
-19.40552332415626
-6.408116667099962
-33.73681033341387
2.7062669038042806
17.680415927821954
24.90666640263059
31.480681038689454
-9.077739757448915
15.151507998034885
-17.159790577218065
1.7999825582535864
4.813722808672651
4.924777762077109
11.79953045680742
-22.144693709039885
-14.375239975490587
6.2072144097685795
-3.990102758590016
32.45061108287139
-1.9308397182287296
15.582008501631258
-2.610398039040663
-21.435956821682364
-0.2619356034067284
-5.685388504137851
8.21971546729863
7.179555518983259
17.2748760766156
0.37127426075941106
1.02553233268943
-3.7622349753615056
20.815042784138196
-6.4331015392558495
-8.164121121045433
-3.338861994103433
-7.851442409463212
-31.79777962955892
-14.89269179195978
12.046281916969566
4.208997103083055
9.623101987662736
17.919080616043487
-16.726953761426167
-5.746195942548663
-41.92952142838683
31.40324066490269
-5.301168715447951
22.840486278511168
-3.713106149985961
8.478114705888913
-6.008096491934826
-4.2385342106915544
18.077311075401436
-3.8982546503706548
6.325579652049891
-6.47699248698895
-21.873320636295112
-9.065695667669775
-32.3590469167921
18.612075477538426
-2.1077184288518955
19.06197904265639
2.47297825314635
-17.73143652098471
4.145855736122476
-10.153246877944683
0.7557722388252843
6.1932941135614294
0.21622752161552672
-3.0180365144272185
-16.47469997260978
-2.020606782807201
-15.60439204533878
-4.767422823053504
11.39209290083231
0.8713341549872444
-17.009537890897253
-16.27791607674034
-7.35443904269466
-0.06261168088608571
10.064540188132918
29.943980346592006
-13.465114263481265
1.3474068674815562
-24.48373193029917
-5.743077868648832
14.037607571278134
-0.3663938859663327
42.98804390433421
4.711551824415961
-3.206616416248332
-28.116098449726437
-16.29413921649766
22.640097473859655
-14.56080276299802
26.08057918094684
-5.556148806269439
4.242568573160257
-20.5853515039006
-3.77437279939886
-18.421072100315147
7.926104736288436
1.6281543604176187
34.27723131441428
-5.909818946220381
-5.75786992744594
-17.378986844196724
-6.551417851490291
-22.673424679366654
27.27096749947951
7.10966521447395
22.39651271783152
0.3584732812595828
3.853983003755273
10.567879108302915
-18.039812660496153
3.2908189927843274
-11.098083375547384
-9.573552394529644
-30.490484107187573
14.557799009914666
4.678566050636802
-21.309053661681485
9.775220075344691
17.018103050126495
19.085898239089556
3.0702650291031524
6.798985073289707
-9.605822256096442
-20.743019708900555
-18.15337341688802
9.869731472083597
7.583665225120555
7.708614077714139
13.31582660589919
-5.067420427383954
-28.613584820575426
5.57878841095567
-12.113170998081374
23.436009756158736
-14.62353467764341
35.26120922298088
-11.748454896219863
2.0704737370201602
-29.34183489706913
11.840670494814077
4.302667976720756
14.537974691243106
-0.5976314218254073
-13.191770491748933
-13.403861253981098
-13.4191850389513
1.8957271257890609
10.873574437385958
14.131836915390139
17.683627859735008
-5.778020144145527
-0.11603758532685848
-33.853399000366046
-9.508485559190227
-6.54598009139586
11.823336298129828
30.0484498206871
-14.991863425879027
17.051280921141707
-6.537870803280013
-12.129913600306333
31.757109146409782
-11.979553421688353
19.739116869090786
-21.062704552510628
9.643258784379949
4.012055683755438
-16.761984048635462
8.996078483031674
4.763510702483425
41.83501998487909
-19.923071080924313
0.7477731779133032
-20.836661660649124
-18.027383275785667
2.4656375060862255
12.122106817067843
13.300927251736427
-6.8468226891178245
5.484822956257359
-7.663891839699597
-30.798331057876734
14.467604161651295
-11.799328625165298
28.47587043588685
-14.858964806169112
34.10312131683939
-12.35633496404138
3.1913168912304877
9.924317313551413
-2.0560741260128417
15.31327020765821
-17.373495909456324
7.496630283964642
-3.791647708649693
-26.103418928955605
-20.173804475080576
5.720351021771994
1.1045829339456565
19.491504906203716
20.088739918520602
12.607785162426774
-19.9637975045693
-7.066426088624695
-0.5050933720924284
11.752184049134794
14.795221684453246
23.768475404948887
18.510033664329463
-9.835908517437206
-7.629225194368883
-25.347985902527817
22.1209005259004
-0.9585156224273428
35.67298338267213
9.954421510397852
-1.2399239207515524
-25.526879052658877
-18.309946306041507
-7.552246695678927
11.816259392792276
-29.95698357005463
15.896922190156637
1.8957976034044268
15.607075958705458
-16.93857768734573
9.870404883917606
5.608869204304886
-7.06356359290158
-2.001192610011536
-0.2901819248650641
-6.786069340054437
-27.12125748782472
-15.826093163257545
-7.527868446049523
6.004895844630112
27.614727651975944
45.827679700680065
-6.082189428367301
-20.02752792141097
-43.681129419065684
13.160698398388071
-15.788867811211857
31.92748134786599
23.178008868619408
13.357302566728588
-9.546690287873673
-20.034836502504373
-4.0833694040698205
6.754038183240301
17.094705316622452
-1.4583807521034071
15.190182553046945
-7.497371420728456
-38.657646848258466
16.83906287196097
7.835692199055137
19.21461845082129
5.475595025890931
14.929610259079496
9.965499581742954
-51.772765047035364
33.034788457956054
-49.85380756694495
34.70015010887559
-27.542507113546122
21.91706436042323
5.377998421006398
-21.618534189469315
5.566740230849241
-26.789826354366753
10.951568386083945
18.135610385960497
-2.014250009817575
18.864379986727485
-26.385778104332427
-13.249325416805455
-11.530214993151233
0.2060238279973854
21.29217855114707
