T = 300, miu = 0.000000, factorMiu = 500, M = 9
Soluci칩n inicial
Par치metros:
A1 = 2.000000 A2 = 1.200000 A3 = 0.800000 A4 = 1.200000 A5 = 2.000000 A6 = 1.600000 A7 = 1.200000 A8 = 0.800000 A9 = 0.200000 
Soluci칩n
Par치metros:
A1 = 1.038321 A2 = 0.052523 A3 = 0.051140 A4 = 0.044033 A5 = 0.045872 A6 = 0.042828 A7 = 0.057372 A8 = 0.048538 A9 = 0.029185 
1.000000
6.000000
-8.000000
-1.000000
-4.000000
2.000000
-20.800000
-6.180000
-4.835123
16.095892
2.864974
-5.326606
17.925443
7.931268
-10.111407
-19.573335
17.858033
-0.289310
19.083296
8.631381
44.245013
-19.745864
-23.834221
8.628608
-21.352122
24.558722
1.058382
33.855514
-16.224858
-38.773028
-0.477909
-38.839113
45.472712
-40.057972
31.793400
-3.852579
-4.896643
-10.553333
-60.371026
47.843822
-45.399617
49.155944
-6.326168
3.956824
47.366647
-47.702634
57.982344
-82.318891
38.756141
-29.695270
3.858591
29.286363
-47.679571
104.594870
-80.098633
53.828277
-40.166109
17.053807
16.658975
-42.753132
69.047550
-83.022570
67.508523
-28.283193
17.584904
16.498913
-37.992072
66.899324
-67.143643
41.821059
-42.276392
26.016666
9.609808
-45.544976
43.152557
-37.694179
58.511235
-47.203213
7.635100
9.605344
-21.399089
44.703026
-51.165939
71.333399
-38.110169
15.677472
-20.615320
-12.736626
32.308997
-49.762071
52.596506
-25.991670
23.259565
-33.213373
-17.955559
17.353445
-36.436831
40.190307
-27.952749
48.613744
-6.437311
7.009771
19.132532
-42.719350
38.500527
-58.682911
46.579146
-26.711093
18.524959
15.927583
-39.341794
54.054007
-65.042201
33.212760
-46.000226
32.587417
18.168790
-18.536561
36.084434
-40.973417
41.096047
-45.687443
10.297100
4.575540
-9.543975
33.285976
-29.290888
50.753235
-30.085731
22.709744
-21.913866
-0.783811
-0.580655
-21.379529
31.270718
-28.533013
19.827611
-20.264036
14.138731
7.341850
-23.666502
22.019369
-21.943081
40.984670
-3.541559
22.283683
-0.506885
-17.888985
12.011680
-50.012129
25.367296
-14.917346
49.268535
-3.343200
-2.355767
12.076203
-36.147901
2.885069
-54.302458
10.869840
13.540329
2.443260
40.495273
-9.084947
9.243264
-21.285919
-13.125849
-3.864470
-18.186560
39.162477
-6.457386
30.583812
-12.320152
-12.941530
8.894582
-59.868478
33.626578
-16.250834
16.659203
-5.178144
3.867171
19.765041
-32.565883
23.700087
-19.097306
27.479419
-7.359822
31.771718
7.571053
-22.746739
21.414578
-29.326355
3.131448
-41.588208
28.086432
15.914106
-11.198155
38.635347
-34.300602
17.481554
-34.390968
-11.443875
7.814849
-6.112885
29.258036
-34.176630
31.246166
-18.381405
-0.516853
4.570668
-22.922719
40.020503
-36.007471
40.386541
-20.079532
20.896472
-16.818047
-13.120772
29.671724
-18.348316
33.388202
-40.043517
34.287899
-25.754376
-2.104741
34.732963
-32.629276
26.496273
-37.272277
42.612396
-1.378522
-3.666904
10.321175
-32.187295
11.810534
-21.342153
24.862416
-7.173747
-8.447303
36.648335
-19.886597
7.329189
-3.680723
-0.319272
10.324949
-21.909163
6.901495
-28.197726
-16.511264
5.791753
-21.070456
34.830576
-6.464712
41.651312
-6.144486
-11.872937
1.983150
-43.356941
44.574652
-26.936575
38.918998
-6.150871
15.922293
10.457078
-18.364169
19.305682
-38.134430
32.517980
-32.553282
30.343378
-6.474885
-6.736460
1.556675
-36.939899
37.701777
-46.076676
56.676259
-11.919214
-1.374312
10.506924
-43.277723
27.417945
-50.552324
33.696105
-19.865716
15.950917
25.444569
-11.980559
31.549565
-56.044250
25.223379
-30.946209
7.311784
-6.162172
-9.609171
21.854721
-18.007872
27.908378
-20.874894
16.183534
13.609256
3.351483
11.918593
-40.717411
13.744014
-29.717031
7.830958
-14.232316
5.990264
16.375704
-51.239568
33.906126
-50.300208
12.836509
-38.477422
-16.140711
37.857864
-15.253194
26.948457
-35.788735
12.830546
-1.403025
-8.327023
21.145286
-28.582626
39.636677
-56.801296
23.703640
7.748221
12.510108
-2.399931
-30.935134
27.638951
-42.814192
10.967063
-18.255241
12.530846
29.933504
-26.316252
23.118871
-24.140191
43.419393
-14.996144
8.901474
28.694333
-36.404753
15.738909
-42.031654
44.002209
-28.802644
26.172721
29.695427
2.933110
-4.804800
-36.914845
16.927274
-37.471593
2.035686
-2.011021
24.175524
30.503031
-11.293661
23.664056
-21.393092
-2.400089
-29.610571
-7.141357
22.596065
-20.724445
44.519163
-16.530901
14.751329
-19.695073
-15.529965
12.405998
-46.110240
44.138081
-35.306539
30.283245
-21.456029
-10.309717
26.621926
-35.420372
32.651738
-43.465874
40.555088
-49.105682
-9.322773
6.025716
-19.088996
47.254941
-37.160238
49.508602
-12.278613
-10.349203
-5.650212
-42.252515
29.752446
-29.946794
44.348530
-27.074262
21.094803
9.915101
-50.290149
6.914899
-47.854135
33.109688
-36.612932
38.776283
21.708283
-1.573464
10.011835
-50.365638
45.861915
-68.221199
26.885961
7.428256
13.844600
22.631071
-57.568218
72.278557
-65.833127
39.166242
-22.548040
11.074611
23.869595
-39.476272
62.442584
-64.567423
40.254455
-46.071070
15.813891
-4.433727
-31.813396
63.656179
-42.322281
51.740307
-44.565137
37.000806
-3.096154
-30.859675
25.286940
-23.987277
52.575291
-59.342453
38.780186
-25.820995
3.942629
16.380367
-37.573335
46.107293
-63.593722
59.144952
-32.146828
-10.739357
8.919179
-49.995162
57.244210
-72.823133
50.325391
-31.180380
3.945270
16.513374
-35.045517
66.226684
-83.704321
72.660877
-22.645628
19.288538
-1.268904
-46.929415
71.871945
-68.800115
59.637953
-43.877041
12.656881
-3.972534
-18.357119
70.318776
-51.523276
59.376338
-33.633529
23.348402
-9.250253
-49.578208
55.983974
-39.473872
59.079732
-47.743669
20.279049
-8.369625
-4.061124
22.414455
-29.903290
63.085099
-35.020252
45.468515
-31.451978
-13.454839
10.025958
-23.980730
27.920336
-41.773140
14.209167
-22.441825
-7.404510
1.072885
-22.464724
30.287453
-38.554597
10.119138
-9.821939
-7.603849
18.885410
-30.934119
33.093258
-16.438924
22.385957
-0.610155
-19.648026
19.367228
-15.440448
34.821180
-7.260951
15.790861
-16.599341
-26.545154
15.583624
-11.104567
30.456165
-17.985289
18.192543
-10.864038
-5.329958
7.576414
-10.778008
30.305388
-15.518475
21.265291
4.679568
-18.855208
-2.402627
-45.292155
14.991856
-38.219042
44.651688
-18.443627
32.450482
4.370692
-4.226041
-2.115584
-24.446997
39.437414
-17.565927
53.487847
6.492636
16.083304
0.509412
-32.361719
16.045592
-38.157961
35.140158
-3.011640
47.499720
-16.258752
-0.798174
6.219601
-28.943723
20.276677
-26.729088
44.294031
-41.668028
24.838353
9.134286
9.006773
0.281565
-35.457315
20.674436
-42.244965
27.574124
-12.817076
11.560008
25.992811
-25.298659
16.940431
-53.738326
37.002793
-26.727309
27.576227
20.246373
-0.387701
31.037488
-53.224031
45.697342
-51.171827
2.122320
-12.184230
-5.593701
42.674109
-33.098135
48.558090
-38.719091
12.673428
-32.409678
-12.659695
21.286251
-4.588117
64.634131
-32.897823
52.104996
-53.075526
1.314918
-7.443708
-32.797705
52.292193
-24.489353
62.918476
-41.517970
13.658766
-21.507810
-40.895613
17.731270
-37.722323
62.887159
-16.695558
20.942035
-40.823448
-16.842676
4.847367
-48.763983
28.507549
-19.597039
45.342350
3.693990
4.445448
-5.895846
-40.272328
33.879041
-55.220947
34.443537
-5.069420
49.163822
1.200840
-26.489727
42.955081
-45.900498
46.119079
-30.616424
38.746999
-6.685756
4.893027
16.233047
-43.953041
23.620890
-28.480164
19.104755
8.539673
0.551646
28.522873
-39.367865
14.948983
-30.143820
17.917748
1.466174
-0.027719
30.606202
-31.161490
21.901400
-50.306104
17.113942
-10.175865
3.170049
27.236550
-10.871832
32.844263
-23.199827
14.242575
-17.221234
-3.952342
19.207452
-32.396327
35.235235
-33.721278
13.144056
-31.344510
-8.546581
9.661050
-11.855031
25.086996
-31.471820
41.917606
-19.120584
-8.952928
7.064124
-0.006174
18.780755
-36.360776
3.518610
-10.647380
2.805061
13.786446
-8.317467
6.837624
-35.227652
-6.398234
-9.517346
24.918025
-6.382252
-9.258728
-1.991560
-0.796888
9.035335
-15.840466
15.185769
-17.785407
-12.009022
-4.096114
-15.865966
15.791085
-22.120155
25.697539
-2.756999
24.583332
-11.670701
-11.758156
5.745636
-27.519169
2.927235
0.024220
18.958393
-12.257136
-7.247993
12.029174
-20.952967
-6.778342
-13.121523
20.263305
7.308340
8.751041
18.142625
0.063677
17.761780
-19.320458
19.844631
-26.494800
-12.611486
5.891636
1.157634
22.349460
-9.940490
24.575363
-25.790163
0.036314
-25.744710
21.210269
31.991457
-26.745668
31.590370
-25.074248
17.602411
-17.464686
9.875930
14.043388
-31.445165
12.163918
-24.125168
9.676279
-15.767418
-3.410471
41.195697
-8.834261
9.504447
-17.053629
1.813232
-12.482155
14.061105
11.302425
-18.900720
-5.565752
-7.104846
47.064681
-16.653177
17.446830
20.002168
-23.306270
26.569114
-31.255129
12.983511
-14.205208
13.693917
26.704906
-32.954323
20.822692
-22.624002
50.548143
-21.681707
11.216797
5.184301
-5.918295
17.572609
-41.487338
41.839105
-32.835181
19.646665
-6.335544
-11.020322
16.863964
-17.011941
11.960659
-20.196058
-15.861646
-10.421090
-16.449912
35.793320
-12.520075
11.657597
-17.779356
3.047898
-4.730275
-0.574948
17.568224
-6.378472
20.933176
-29.321766
0.140539
-18.959364
11.259630
8.664245
-36.451738
24.354240
-35.041168
29.717507
-23.934907
23.933588
18.507749
-29.000917
24.599737
-19.089760
42.612274
-27.533645
2.784430
4.616019
3.787151
29.713237
-44.061339
56.984074
-17.709878
27.131539
-11.724761
1.572366
31.401016
-41.478114
43.570504
-16.204612
16.521470
-12.279157
-6.690270
29.600049
-40.160969
31.935582
-41.348023
8.997473
-29.751152
-34.725218
17.287709
-36.607787
57.412630
-37.033428
20.960505
-9.566958
-11.507735
24.798636
-38.487767
48.390685
-43.074847
8.082955
-5.486334
1.167658
31.771064
-44.197361
50.371019
-42.040971
41.468492
-25.253975
2.721341
30.748408
-52.670858
58.904992
-56.552165
62.169691
-30.859848
25.437036
21.178315
-52.996158
36.813125
-56.131099
50.019760
-49.357716
35.240083
13.834308
-30.679297
44.550637
-33.247859
46.806574
-60.044760
19.776757
22.952160
-19.529981
49.912851
-49.698279
52.862699
-45.529493
20.148068
-9.338618
-19.299194
26.268517
-50.776890
50.320035
-48.661734
61.471801
-30.684621
-3.926174
6.415185
-44.370332
54.054397
-77.689984
54.750421
-31.995321
12.329667
-2.796498
-16.891941
43.864954
-58.056781
51.533249
-36.264841
24.550404
-26.622648
-12.851122
53.362527
-40.335163
37.865707
-44.917044
19.739023
-5.325634
-23.965345
31.547638
-43.056040
46.146866
-48.659046
23.031208
5.747478
-28.010603
38.551407
-22.180685
60.209216
-46.954687
22.130814
-15.756402
-14.729967
32.761931
-35.950118
42.396501
-33.374880
14.795978
-1.972698
-37.729966
53.135367
-28.624976
63.174641
-36.039509
30.721596
-25.679288
-36.986146
6.080995
-36.137844
38.042187
-22.834279
52.914624
13.975213
-21.324625
26.462498
-42.725713
30.753221
-54.910835
24.398008
-7.336737
-17.231812
23.170531
-32.180767
53.094935
-51.818509
54.622014
-31.816243
1.902370
2.791364
-27.131786
47.026316
-35.257133
34.153454
-46.699883
34.801871
5.168385
-21.680976
19.135605
-42.207531
32.303926
-15.592537
37.854994
-16.109504
-13.141420
-0.720174
-36.692500
18.392638
-34.453345
21.733485
3.080148
0.467234
2.206530
-7.216198
15.878698
-26.535786
-5.053912
-0.592886
-11.088971
8.962748
-9.752133
22.481446
-10.713956
4.781987
3.106887
-9.367651
13.814971
0.189356
30.145996
-31.352016
3.617839
-6.794946
-10.395542
16.925594
-28.757463
28.955552
-27.573588
19.216185
-16.418980
0.170283
20.749713
-27.173884
23.818165
-41.827663
32.811943
-3.843052
12.820484
20.752143
-26.400844
15.619155
-52.656722
3.042456
-35.168060
9.206118
19.897706
0.600375
14.335236
-12.791222
7.047136
-46.557640
-9.001665
2.823091
-3.394966
44.948798
-16.619814
38.143163
-24.617218
0.986840
0.534645
-33.611531
27.639259
-19.383477
30.781025
-14.663053
9.252671
12.111010
-29.811393
2.886627
-18.165950
35.205182
-17.276343
23.258321
9.816338
-3.945275
11.512941
-1.357344
36.140157
-26.640262
23.482298
-17.932854
-16.117285
3.174373
2.042497
2.853929
-22.826112
11.188176
-5.957839
-1.550332
8.526048
-4.454242
27.570161
-30.716893
20.558152
-11.926235
6.323276
12.181506
-15.310890
35.812953
-39.206717
42.391319
-51.286636
31.735027
-10.486920
-19.819343
25.907486
-35.291068
37.720030
-31.885483
47.651004
-8.842402
7.402168
18.134422
-52.139384
39.809155
-61.512929
39.004279
-37.090598
26.642177
14.086760
-10.436726
45.594743
-56.909810
1.974293
-49.405151
8.591258
21.664845
-14.238106
72.018501
-37.037811
37.980037
-52.027838
2.334523
3.954782
-32.655974
60.331799
-43.143682
62.963869
-25.589692
-1.311203
-16.392128
-49.109381
21.716699
-35.490530
74.710560
-9.009402
45.841487
4.769125
-36.714027
-3.357990
-84.371389
54.606347
-46.199854
53.917451
11.800815
-2.305854
37.163524
-67.215187
70.761249
-62.356813
21.710440
-12.415274
-11.262705
46.739475
-68.535629
49.310821
-66.637795
17.349069
-7.495395
-11.542953
48.817979
-58.257487
62.137811
-62.887817
41.412112
-21.228732
-5.118338
49.673326
-75.349416
78.899754
-83.810711
35.797883
-30.345373
-12.804758
45.489193
-58.826950
72.862709
-89.923976
38.848453
-39.472232
-21.894093
53.627790
-69.176975
86.850614
-61.904415
52.651984
-18.519122
-51.401357
20.161273
-81.757258
71.391738
-62.362690
55.355136
8.283324
-15.894050
26.527040
-66.031196
63.973982
-74.815329
24.223091
1.982698
-4.368963
38.224877
-50.512568
78.551957
-56.298453
25.661903
-32.913673
-3.304720
19.550453
-71.080148
63.035715
-38.547568
23.307676
7.981644
2.528253
26.237182
-71.323219
29.516596
-41.074504
45.298835
6.160290
-3.276914
35.895422
-51.391054
48.309649
-35.988566
34.202306
-23.379985
3.307606
48.489349
-62.023726
60.892964
-33.568157
25.001616
-34.316754
-19.383135
39.054078
-66.245909
58.895838
-66.475361
56.813990
-34.294375
-16.592186
40.604975
-68.038036
66.542838
-61.265431
65.971362
-43.588472
-21.154329
14.347879
-47.958039
55.681960
-54.618153
63.154495
-8.552883
9.118748
32.311153
-36.739935
41.843080
-70.685683
53.242935
-20.830185
13.327951
11.701583
-44.400561
65.439245
-41.186962
55.627676
-23.173015
27.116309
4.288974
-24.079401
38.003591
-48.896559
33.441061
-64.951503
17.683101
7.190450
-12.129138
58.840977
-55.409169
41.442007
-60.783446
12.236105
10.776567
-0.941953
36.138573
-51.231614
57.212824
-46.749230
5.510706
-13.063005
-7.314218
22.789314
-32.955556
45.220309
-49.499427
28.292999
-30.602801
-11.270602
20.851783
-27.907314
67.400894
-47.569825
41.496632
-22.208692
9.143028
16.745571
-50.658778
61.459869
-70.241037
29.593088
-43.806323
26.936553
15.518592
-28.824064
54.315653
-50.168535
61.691619
-61.818875
29.674576
-9.635167
-19.594883
31.880615
-40.914021
56.676406
-50.852123
42.502686
-41.455712
-11.060504
0.167313
-22.427823
54.915978
-29.245551
53.559651
-25.229246
-7.059082
10.827484
-21.879965
64.704432
-46.739916
80.024606
-11.680362
13.200175
18.362662
-33.907997
51.613282
-52.618721
53.184389
-51.317153
34.432713
-1.342344
-7.232907
28.428210
-47.116366
60.632825
-63.389394
63.736479
-44.194237
5.356107
-5.492320
-11.219284
61.564657
-57.089312
69.481290
-52.238990
43.507095
-23.643403
-6.285514
27.041904
-42.452797
71.880732
-58.026800
57.379293
-26.221406
9.044489
4.799577
-44.164900
51.426525
-40.620155
40.620024
-16.648130
10.598382
27.964108
-30.916710
39.146340
-77.978145
40.802886
-35.969730
18.495448
15.700604
-38.067214
50.017855
-61.385695
73.996822
-44.919193
15.028875
-8.808819
-32.777572
57.625888
-67.446670
56.669013
-37.581624
25.943497
-20.887872
-44.208967
59.135549
-56.461063
56.457762
-47.668246
45.383952
11.111262
-31.929230
24.473986
-51.279018
62.280789
-67.170464
45.822939
-4.528332
-1.730291
25.917344
-40.106494
59.542144
-71.663417
21.126125
-15.493133
1.162525
18.578910
-60.621340
60.907486
-55.417313
50.883100
-33.956955
18.743343
30.500332
-43.966174
40.711924
-62.481798
38.920517
-36.139241
26.036135
38.579660
-52.614924
49.815194
-50.567021
50.242463
-51.220464
8.391601
19.357151
-33.025943
35.881591
-61.144351
45.921916
-32.560080
29.673001
-9.735832
-24.524200
24.805726
-56.590807
32.157786
-50.767185
52.205299
13.395215
-23.907392
31.389509
-52.951826
29.904471
-71.585288
22.439484
12.615695
1.769626
17.084408
-46.074390
38.981918
-60.954607
18.320921
-18.096516
20.845066
40.712301
-51.006484
49.301647
-57.346101
53.465189
-38.292295
38.814853
22.790531
-32.171762
60.286726
-65.839058
57.202242
-70.612924
35.167333
-10.692326
-5.791726
49.108558
-82.856510
78.553521
-60.031058
49.011128
-36.936388
-6.853558
43.075191
-83.445382
70.760590
-82.410931
54.409409
-26.331929
5.886497
39.450528
-66.372080
45.662905
-79.427257
62.637983
-42.806398
12.695023
29.660042
-54.195719
66.854219
-93.571516
75.904833
-80.185395
30.562071
-16.404053
-29.895200
63.867731
-60.601926
73.029130
-79.278104
46.410229
-28.738519
-17.097176
51.702823
-53.888680
76.671325
-53.840649
23.420851
-23.561124
-16.981207
33.844809
-26.861843
66.958176
-43.374008
41.698752
-13.977636
-24.903350
1.407789
-31.021127
37.014826
-35.030793
54.085387
2.037558
-10.393904
9.398957
-17.429123
17.458461
-42.032833
41.305853
-19.443162
16.459234
11.367577
-14.228647
26.859125
-37.905257
47.148242
-27.754542
9.770104
-13.237276
-23.183499
33.919487
-32.120792
38.947969
-40.572946
31.175694
-5.922650
-22.074477
21.333133
-41.580797
39.744442
-42.499734
22.978367
-20.903777
-20.653505
21.873380
-43.669988
72.167835
-36.923344
60.655852
-13.450768
-0.592754
8.951220
-31.582264
53.474522
-49.758111
44.388823
-31.957341
14.029379
27.261176
-19.859024
31.914572
-41.908573
42.622992
-49.041173
37.044602
3.354819
6.790138
38.259743
-48.617749
34.204867
-74.969446
44.013414
-19.865658
10.183054
35.599522
-18.417601
62.736334
-65.449310
27.680861
-19.581839
10.028461
1.788163
-15.351092
53.787366
-32.368783
21.465407
-40.042443
5.512754
8.851991
-17.215629
55.079352
-30.598143
35.562464
-34.097667
7.641236
-12.531781
-25.210399
40.646571
-29.912719
59.811510
-35.543208
21.371739
-12.951612
-34.260156
42.256524
-21.678741
54.741013
-43.195047
23.765024
-16.796390
-8.393775
20.653792
-22.463451
54.999852
-32.405800
28.109895
-5.558128
-0.972429
10.894371
-24.476593
21.628982
-55.037069
7.693813
-9.898881
23.135648
17.544361
-18.199650
46.213596
-58.058238
23.152387
-54.403428
-1.401880
7.393116
-9.870778
61.712553
-25.484934
40.647468
-32.076200
-19.775690
3.876591
-35.547118
59.650084
-29.321876
43.157002
-3.878089
5.643133
-4.482603
-41.564787
24.748931
-42.572486
28.050609
-19.929716
13.252463
4.883695
-17.838048
28.309363
-32.431782
34.224225
-30.043632
26.360964
11.999084
-28.182852
33.994698
-47.771183
22.255298
-25.072718
15.418335
7.910698
-29.581277
16.072140
-44.617402
27.532504
-31.962547
5.630961
10.002532
-23.822742
53.292049
-54.326000
17.092146
-23.744119
24.129750
2.772357
-27.810790
30.494469
-54.481838
36.535399
-31.763303
19.634253
11.342030
1.568316
26.472020
-24.109605
23.493650
-29.204726
-2.433840
11.768664
-17.161425
32.980780
-18.192895
49.136645
-18.240219
-12.371441
9.677002
-28.686129
30.827906
-42.983945
36.887081
-22.231114
9.178236
17.638696
-5.493517
40.096653
-27.429956
25.851562
-8.153514
-6.802214
5.919597
-15.540728
40.468758
-17.083949
36.237416
-10.611739
0.750841
16.017766
-8.244073
26.306772
-31.872093
24.179539
-30.896058
7.431159
4.397721
-15.385882
19.287951
-47.988435
53.014727
-6.202947
16.707097
9.460141
-25.497647
19.445002
-49.256329
33.996903
-10.008824
3.208314
-7.354970
-13.353035
26.911658
-51.231910
33.303054
-10.676547
-4.352627
2.314593
-29.474535
30.594336
-36.060747
38.782250
-6.443875
26.197220
-10.833283
-43.779769
30.758160
-32.998344
44.731378
-2.540941
43.318902
15.904341
-22.149414
19.921274
-45.960993
23.040372
-46.260098
49.650706
21.435149
9.285580
3.734917
-36.318292
12.395138
-62.829546
14.384459
-10.346854
23.870583
33.857623
-24.201236
32.971567
-29.105504
9.141491
-35.704588
-3.728493
-1.623847
-16.402309
40.110137
-13.730468
51.067919
2.217566
10.616532
-36.491873
-37.484224
25.521002
-31.928513
16.741770
15.750462
10.803014
10.614205
-28.761235
61.116735
-40.739362
27.583612
-30.067644
20.365610
1.972867
-4.372872
11.731616
-16.322306
14.678374
-26.817589
22.499119
-16.369405
-1.701444
5.480707
-8.279611
13.394527
-19.495959
11.897834
-4.474947
6.038283
-15.237326
13.392602
19.700898
-21.339944
28.308904
-17.592802
10.816255
-12.895657
21.056322
21.189158
-1.370988
7.017501
-20.255631
0.597197
-32.532028
11.360063
7.927026
-3.981903
16.371610
-8.021581
28.099689
-10.998265
11.729594
17.296316
-0.587598
4.395577
-10.284690
22.152286
-28.605047
19.317043
-27.966391
15.447270
10.345099
-9.373748
11.928998
1.908382
21.221586
-38.661808
-10.274920
-5.902444
20.175573
26.913732
-10.084374
22.477002
-13.566502
-5.083681
-25.988346
-5.243651
-2.698440
-0.211766
15.309050
-4.604918
5.073165
-39.587588
-31.851928
-15.656130
3.712814
28.701919
13.552137
15.434996
-21.255649
5.499553
-28.537482
21.863465
-8.673887
24.963496
25.741377
-11.502962
14.175979
-31.182200
8.406755
-22.543105
1.182038
15.789448
-16.201400
37.531911
-17.764623
32.145057
-17.980655
-13.750002
-11.175349
-22.841031
25.889211
-38.177827
29.976546
-3.679450
25.052643
-11.509160
-31.201422
29.351746
-18.433794
24.128242
-26.684797
33.291198
15.047527
-8.303817
3.602969
-29.977839
24.355190
-34.742039
27.241593
5.758366
16.037753
9.948284
-16.063574
38.148956
-19.327508
16.173626
-11.831066
8.733974

