1.000000
6.000000
-8.000000
-1.000000
-4.000000
2.000000
0.600000
7.810000
-1.411500
-3.590298
-5.427245
-6.917092
5.090836
-3.619150
1.563184
3.121073
3.719516
-3.810706
12.795656
-4.673481
10.823715
2.029587
11.530601
-1.277017
16.121412
-8.679725
6.674071
-3.647789
8.132690
-12.364072
7.345019
-7.152523
-1.403350
6.098228
1.414896
-6.048959
7.474242
8.555930
6.697951
4.097218
5.653382
2.077701
13.903299
4.600602
2.706625
5.928782
9.319031
-5.828031
-3.602430
1.090081
8.085349
7.261514
2.480607
-4.928265
-0.934705
-1.946228
9.016163
8.994990
10.594438
-4.219613
8.080940
1.927827
11.140603
9.135443
11.855561
-5.058296
12.462848
10.984488
5.355762
3.242573
2.077719
-1.915466
-1.904009
8.454238
-3.821034
3.534497
-2.564435
10.381845
-4.028663
10.443068
-0.234106
15.270916
9.124914
15.440003
10.426864
22.619506
6.770508
17.189974
10.678195
14.037296
12.060297
10.915697
10.854482
4.869728
3.709549
7.951968
5.821303
1.184854
15.574341
9.832878
2.392776
6.879221
6.319906
9.397542
3.059819
5.450088
-4.784816
8.751444
-6.077382
2.411895
-9.050742
0.619919
-11.370434
12.280882
-10.784319
-3.172278
-0.631183
7.465734
-1.545207
-0.189515
-3.206785
-0.779080
6.498183
-4.286631
2.488193
1.123323
5.887480
4.265631
-4.825075
0.667367
1.018783
-0.182286
-3.334495
9.169847
-9.471560
8.543931
-1.109891
4.516119
-13.828829
12.175162
-9.012487
-2.223004
-6.972507
5.165222
-10.955542
-1.395467
-1.327209
-3.314337
-9.730625
-0.630579
4.123636
5.411426
2.499073
8.702655
0.529680
4.308840
3.990640
9.854438
3.981164
4.769819
-1.051472
-6.115781
-3.768524
1.526195
-5.518589
-10.600031
-14.097828
1.308201
-10.384858
-8.217442
-21.412028
-2.185333
-19.295227
-1.511745
-15.351733
-3.915376
-19.117408
-4.861682
-20.760498
0.579691
-12.980913
2.341311
-10.018521
-3.054396
-8.462463
2.820736
-8.845011
2.174470
-4.664910
2.004613
-2.114214
-3.152354
-10.483603
-1.825478
1.692455
5.949115
-3.547534
-0.265658
4.039683
3.852780
-3.662129
3.609612
0.879397
9.971786
-0.919825
7.568039
-6.984471
5.831015
-2.083299
4.569793
-7.381831
7.356308
-1.570720
6.806368
-10.055868
8.250264
1.710488
5.396222
-10.466757
-1.322627
-8.690253
-5.996660
-4.435150
-2.224065
-15.382199
-6.764761
-14.622114
-16.264020
-15.352075
-3.031964
-6.498639
-3.753212
-10.163342
-3.581527
-7.065402
-9.290390
5.783702
-0.833213
3.901063
4.825826
8.262595
-2.155464
7.070387
10.380222
1.872884
-0.129810
-0.691292
-1.769381
1.634444
10.221994
-3.516877
-7.064521
-5.347223
-9.985632
-8.324726
0.741632
-4.505227
-9.653081
0.131668
-9.096632
-12.458095
-3.294074
-9.749114
-8.823673
-1.600495
-11.414460
-3.240643
-7.134180
-2.109743
-2.361685
-2.345313
-4.907793
-1.531902
2.733954
10.193356
2.834159
-0.792078
6.047208
-3.682029
2.202905
11.396407
9.000764
4.224438
-1.905687
-0.445921
1.243696
3.596233
1.045032
3.745530
6.089852
7.182435
5.805172
0.864971
-0.655045
2.805646
-0.217752
6.629607
3.849795
-9.014202
-12.895074
3.785495
-3.924969
4.178075
-11.904916
-0.275925
-5.165364
7.075534
2.387070
6.453492
-0.766865
4.300757
4.600925
5.417528
7.569194
-3.342336
4.091730
-1.380414
-1.120332
-2.766167
8.379046
1.524224
3.606972
3.570627
5.747180
5.849048
13.433731
13.458486
5.463021
15.325507
14.571242
14.272573
1.858535
8.472807
1.877303
11.436591
3.234063
9.589286
-6.394198
-1.753955
-3.503985
9.640013
-4.992255
-1.176175
0.069304
2.964906
-1.078659
-4.313693
0.495554
-3.030176
9.669256
6.634431
2.050839
-9.733453
4.346139
-1.217132
3.141670
5.308372
9.945717
5.667356
1.557387
0.347774
-0.010364
8.576629
4.719379
9.197232
-1.053347
-3.245927
-10.130960
-0.312418
2.064468
3.456830
1.116589
-0.428396
-2.688668
-8.549099
0.705733
9.610099
9.092853
-3.767127
4.984907
0.313723
-5.907889
-7.446606
-3.181820
4.617268
5.938483
-9.756056
-17.671637
0.943961
-7.420602
-6.340533
-5.051217
-3.850638
-16.586920
-6.945163
-2.954872
1.164758
1.275700
4.825116
-2.419728
3.682923
10.591042
14.468205
2.195024
19.730632
5.068614
17.447877
3.217209
9.470601
2.134901
19.548658
3.364473
15.249154
10.281685
0.750720
3.321791
12.071769
11.921601
7.360973
3.363441
-4.734598
-6.310666
-2.168495
4.649793
-2.436480
-10.357080
-4.934484
1.993258
-4.246191
5.107904
4.292460
10.156367
3.765454
3.679562
1.928617
6.610207
12.068804
12.938691
0.853328
3.379636
9.654930
7.499644
6.584399
13.845322
9.798949
5.415038
2.959303
10.126014
7.382327
10.023368
15.083266
1.541424
4.706957
2.996895
8.610762
9.545419
8.011484
2.977169
0.211162
-0.726438
4.771757
7.055611
2.194197
6.190560
-4.278225
-1.414920
6.684572
2.047005
-6.958293
10.590200
-1.436387
2.642148
2.816731
-1.538112
-15.035464
4.124544
-1.867699
-8.545560
0.890496
-1.195652
-10.755978
-16.562092
-9.662780
-6.566371
-6.563413
-4.613133
-7.635640
-11.914222
-18.913506
0.676365
-8.086289
0.234988
-0.140374
3.749279
-14.496243
8.505227
8.658515
13.185285
0.084898
12.790233
0.522532
8.603628
0.920286
16.385383
4.156609
13.082358
3.744906
12.624452
-0.558295
16.484186
-1.163673
18.046365
7.555570
21.528724
-2.436729
8.231002
-2.051858
9.346090
7.738709
15.137784
7.578053
-4.907011
5.866399
0.928299
4.653546
7.303682
7.606499
-8.710414
5.653914
6.995679
-8.994199
1.741345
-0.327159
-1.589350
5.049815
2.722777
-3.167372
-1.125741
4.130107
7.849976
1.525373
-6.596899
2.166947
-2.318743
6.190809
8.894681
-1.562714
-5.330484
3.778874
-5.680734
4.503413
10.866418
1.420802
-10.019672
1.283310
-1.592211
0.170081
-2.246388
-7.852796
-8.424817
-3.704089
-0.625004
-7.872022
-5.302972
-1.527366
-6.060496
-10.639201
-0.013785
4.651460
-4.166183
-4.936673
-6.101554
-5.350503
-10.985781
-7.014971
-9.485159
2.997500
-10.696419
-4.262441
-13.749391
-5.451734
-7.211464
11.865067
-5.614268
6.909374
-2.237804
0.422712
-1.287707
3.466477
6.086609
7.123992
3.995935
2.378222
10.494305
7.128716
8.011555
15.166124
0.289445
7.359381
-1.881082
4.432051
0.668690
15.530256
0.711467
-2.028610
-2.309000
-0.238089
8.719739
3.587190
15.740709
5.326393
11.956953
-8.040152
7.448638
-5.666215
13.289019
-1.687091
3.203408
-4.319966
1.834486
-1.684447
-1.982826
-4.639109
-2.014744
-1.169630
-4.243516
5.172544
-0.115644
-3.612989
6.742188
2.216089
8.258963
10.830632
13.221589
9.178462
20.695453
7.720614
2.342010
7.080141
11.012746
11.051271
15.155922
11.594406
-3.915960
7.556160
3.038346
7.889089
-0.142438
5.869270
-8.799169
5.315424
-2.639617
-7.321502
-0.057373
-4.687561
-11.186121
-14.312251
3.513330
-0.981187
8.653955
-5.627685
-8.727285
-3.065425
7.005248
9.198500
8.381879
2.128571
-1.040687
10.183349
4.737249
9.772661
6.951564
12.303734
2.667151
14.507457
-3.850752
8.992290
-5.849780
18.920329
-9.167543
0.481365
-11.196986
1.283757
-19.911342
0.000620
-1.810472
-9.249339
-2.808354
-10.058840
-12.038043
-7.652810
8.602592
-2.321815
4.061924
-7.086607
1.008608
4.524416
10.250719
-2.182385
3.489310
6.512919
1.109267
0.173466
0.543822
-5.449975
-7.752622
-1.798834
-13.190879
-9.781446
-7.204294
-0.381949
-0.731161
-7.280105
-1.531449
-4.588264
-0.319179
-8.192504
9.314433
-3.244365
7.320210
2.777648
7.852996
-7.711441
11.823898
-2.970341
15.866313
-0.301447
13.098430
6.104283
4.125930
-10.070334
3.122448
5.738770
4.486999
-1.739177
-7.058363
4.369819
2.989178
7.083012
2.107862
6.548567
2.536044
9.700243
7.527187
6.467975
0.651039
7.117706
8.931365
3.985926
7.269756
6.435569
2.660273
-5.880725
5.876431
6.487016
4.473235
-4.230140
4.429562
8.322536
-5.660708
-3.764588
4.948521
5.204073
2.646907
0.895940
1.138968
1.056376
4.089375
3.153141
-2.662110
0.214462
-2.231356
3.288541
-4.257300
10.258539
-9.196212
-2.723279
-5.970109
-0.330168
-0.459739
3.044126
-9.422751
-4.938137
-4.588172
-11.740572
1.130097
-8.176647
-6.531323
-0.183965
-0.994232
-4.798277
4.802002
-4.897418
-2.988848
-3.032767
8.382610
-4.186307
-0.613215
2.964187
-6.747993
-2.940808
4.208139
-3.160074
-11.657987
-1.486450
-6.921477
2.217807
-6.727290
-2.970199
-2.838988
-5.597080
-7.749755
-5.643231
2.203897
-3.321870
-4.548716
-5.404505
-3.440673
-12.994329
-2.640718
-5.651749
-12.250222
-8.079346
-0.342499
-6.758502
-12.861226
-14.726208
-2.029944
-5.276566
4.571966
2.639844
-9.461109
0.027972
11.048871
-0.354081
1.537281
19.064453
0.824943
6.707143
6.924827
5.757035
-5.736558
8.791407
2.030515
1.600772
-3.289434
5.062845
-6.727073
1.623804
-4.050154
-3.648419
-11.046380
-0.540083
-13.470470
-1.093528
-8.780844
-1.943618
-10.538550
-7.155904
-13.469683
2.069038
-0.981411
-7.107267
-3.160002
-2.136740
-0.481319
-9.200197
4.984071
-8.928605
-4.885980
-1.703642
1.118317
-6.762746
-0.543671
-1.460671
-5.004268
-0.310671
-5.193367
-4.493103
-11.007275
-3.868089
4.363381
-4.407523
-3.353130
-8.026960
-0.980304
-9.371374
-0.208234
1.397932
-3.869236
-7.882075
-7.398548
-8.960600
-6.680589
-8.772131
-18.913733
-14.151559
-5.911538
-15.147008
-17.021081
-14.793662
-2.378226
-20.077543
-1.117373
-16.931405
-9.037418
-4.248040
1.497625
-20.676330
3.147146
2.197201
-0.892429
0.969842
7.684097
-0.254072
6.303224
9.457114
3.256185
4.671955
2.359831
-4.309213
-6.071344
-1.278958
-2.261611
-3.652765
-15.568726
-3.138113
1.070254
-6.276828
-2.098555
-5.844504
-9.048285
-6.465890
5.382866
-0.720710
-0.915530
-8.624102
2.674018
3.252447
5.861477
5.402044
4.584145
-0.066125
7.117087
13.663639
-0.834884
-2.836967
0.567606
-4.597643
-10.153885
-7.076503
-8.114712
-12.009482
-5.070692
-12.231785
-10.856090
-7.791033
4.239061
-1.259180
-5.095952
-8.642675
4.674745
4.200957
8.629860
0.404194
6.004485
0.723653
1.373032
-7.644659
11.093586
-4.842440
-4.512657
-1.363716
1.635783
-1.852353
-7.181487
1.367190
-7.960529
-0.657951
-8.043325
10.608014
-6.502367
6.991945
-4.272712
10.916863
4.848370
16.214971
8.018475
14.491264
4.285530
17.250583
9.374329
20.971474
2.887527
12.719319
-2.733650
9.993504
-6.111842
15.702492
