2.0000
3.0000
-6.0000
-2.0000
-7.0000
2.0000
-5.0000
-4.0000
-22.7900
-2.0273
-13.9645
19.9748
-8.0832
7.1324
-9.2202
-15.9320
-12.0571
5.5782
17.0820
13.1159
14.4430
6.6592
-9.5368
-10.6246
-19.8056
6.5482
4.5498
8.7416
6.6876
9.0429
16.5187
-11.9088
-13.1323
2.4151
-8.0773
17.9469
-5.0347
19.1984
-8.4406
-21.3810
1.9204
-18.3307
-1.3929
-11.8209
22.8626
8.3385
13.2891
7.6819
15.9462
3.1940
-2.4415
5.4417
9.3274
-10.3079
-15.2084
11.9661
0.8738
-15.1111
5.0512
9.4089
-20.3355
-8.4939
-5.6987
2.8381
8.0502
-13.4491
-8.6801
-11.3226
-16.0100
22.7056
-9.6918
40.4045
-2.1929
21.0141
-40.5450
-1.4893
-24.2843
-0.0955
8.8580
4.5562
18.4266
-5.0560
-3.7222
-8.0241
7.5043
-8.9244
43.3942
-6.6973
16.1908
-20.0864
5.8368
-28.1024
4.4151
2.6883
0.0167
15.0929
3.4834
-7.4566
3.7916
-7.5682
12.9106
-16.3516
7.7987
-16.4138
23.1225
-5.7253
36.2313
9.2947
-23.1393
-1.6221
-15.1949
31.9343
-1.2809
19.4106
-20.8775
-14.4042
1.1025
3.4736
3.6383
-10.7555
-15.6916
-4.2534
12.9137
29.2461
10.1993
6.5096
-1.2827
-26.7088
1.1544
-6.7095
22.5564
13.3946
13.3444
13.1439
-46.4949
-18.8647
-6.7326
3.6134
30.2474
3.0946
6.4971
-24.3105
-6.4478
-26.1066
6.8616
4.0779
20.3510
13.9836
-4.8124
-29.7055
-0.0114
-3.6635
-0.5059
-21.8551
14.3981
13.4568
9.7794
-7.6195
-9.7435
-1.7161
-19.3126
-5.4795
20.6868
-5.4974
-11.0013
-12.2967
-4.7704
-12.4865
19.3875
26.4864
0.4622
18.0206
-12.5517
-11.1076
-22.5390
-4.6248
8.7173
13.7460
15.2385
6.1904
3.4859
-26.0669
12.0370
-10.8016
-26.8151
-6.2912
-21.6648
9.9331
-10.7932
21.4840
-5.7225
8.4240
-13.0645
-6.6083
-25.5430
3.2689
-22.3613
17.5975
6.7216
17.1970
3.2510
-24.2728
-12.4866
-4.4037
33.7356
14.8010
11.8362
-5.0391
-32.2791
-22.6186
-16.2334
5.3122
-0.0151
35.0356
-4.4589
9.8281
-29.4907
2.0527
-9.9983
17.2674
11.3212
8.1830
-9.8805
24.5975
-14.8735
1.3666
3.1285
4.3225
16.4336
-10.7335
5.7906
-29.2270
-28.6322
-14.8005
-0.9869
3.5742
0.0981
16.5227
-17.1541
-19.0329
-14.5408
8.7464
26.9658
24.9747
24.2731
-23.3638
-2.4656
-16.4520
-0.9267
14.5027
9.8758
13.3489
-10.4417
-12.6219
6.6729
-1.8097
21.5641
-11.8551
20.8073
-14.3422
-35.7886
-11.4647
-9.2817
7.1224
1.4020
9.3885
20.6715
-6.0777
17.8752
-11.4858
0.9223
-25.8882
6.6713
-5.2459
-9.7538
3.0464
9.2817
3.1116
5.2654
9.4380
5.9730
-12.5420
2.6798
3.3615
13.1405
4.2493
-28.8593
5.3011
-18.0722
1.5250
-29.6652
20.6568
-16.9106
0.8958
20.0129
-26.9536
14.1508
-8.9299
3.4142
-19.5985
-4.5687
14.5665
-12.9462
26.6504
5.6637
0.0295
-4.5573
1.7455
-26.6754
-4.4108
6.5295
12.6044
-11.1204
3.4968
2.2977
-1.6548
5.8129
-16.8309
11.5357
-14.1578
4.8269
10.4348
8.4168
12.6217
20.0294
-18.4885
8.0836
-0.9356
12.6612
-26.4091
-6.0197
-2.8277
-6.3291
17.8822
14.8612
9.2213
-5.2140
-31.5687
-12.5707
5.1645
-3.5499
20.6281
8.0286
3.3685
-14.2297
-15.1094
-4.3503
3.3045
25.5605
-3.0449
-0.4244
-4.2728
-8.2203
-20.5658
12.2086
30.4741
7.1699
-6.9965
-20.7623
-1.8894
-13.0225
19.4263
7.9382
30.5509
-12.3096
-2.6346
-8.9640
-24.8751
1.6308
-9.1960
24.0644
-17.9800
-0.7139
6.6823
2.3783
19.5949
9.0462
-9.7142
-11.2266
-34.9995
-14.0677
15.2649
13.6823
18.6776
10.0266
2.0687
1.0818
-29.0000
16.1639
6.9574
22.8796
10.0530
-1.1630
-13.4071
-21.7761
9.6683
8.3448
10.9982
5.8076
4.4617
13.4663
-2.8768
10.9486
-8.3963
16.2320
-1.1685
3.8057
-3.4423
-2.9858
-6.8586
25.8595
12.7221
42.4716
-19.4289
18.3760
-34.4596
3.7261
-35.5580
4.4952
-27.8323
-8.4395
-2.5780
19.3883
7.5270
9.8171
3.6812
17.4151
-32.4896
1.7103
-16.4591
6.2859
8.8386
24.4378
4.2624
-0.9688
-14.2943
-2.0368
1.4995
-16.2372
35.8666
13.3120
3.4280
-5.9678
-9.0141
4.8644
-13.0523
10.1396
34.3944
-17.1610
10.7287
-17.2986
16.6708
-25.9152
0.6506
11.1205
-4.8917
-12.7957
4.6117
-35.2112
17.5302
-7.0993
26.5837
0.9431
12.1965
-13.0043
-7.6106
-1.3612
17.1864
10.9523
11.5752
-21.2917
0.1002
-9.5042
0.2139
-6.0529
-3.3820
25.5751
-22.4449
7.1613
0.8566
-7.9282
14.1254
-39.8680
38.3418
-16.6682
7.1351
-13.5462
-0.0451
7.7211
-12.4744
10.9228
23.5127
15.0564
11.2899
-25.3807
-13.5854
-18.1970
-4.0550
45.3966
14.0936
8.6796
-21.8283
-26.9416
-11.2055
-6.1567
20.6585
13.9197
2.3511
-1.4931
-10.8684
-3.4844
12.4025
16.5347
29.1643
17.5553
-31.9475
-16.2168
-14.7720
-2.3975
-16.1470
-8.0161
15.8681
-19.3985
12.3471
-6.4812
26.6820
-23.3567
14.8104
1.0809
3.1942
0.1718
7.3271
9.1506
-8.2914
-31.7519
-12.8579
4.0719
10.3887
28.8793
15.4413
18.9943
-21.2150
0.3501
-11.6673
-18.4525
17.3773
9.5403
14.4915
-6.9676
-5.7390
-11.6467
-5.3548
-8.6924
2.3861
-9.6756
33.7187
-1.0679
-2.2856
-16.4615
0.3031
18.6415
-3.8451
12.6030
7.6437
9.0062
-12.0961
-5.5364
35.2185
-14.9987
24.7152
-5.1324
6.9474
-12.4628
-26.8083
3.4522
-11.9494
29.9330
7.5456
34.7298
-32.9158
23.3341
-50.4195
30.5970
-33.5505
10.6674
5.5752
3.8105
16.6255
-40.9048
23.4400
-0.6818
-20.4730
3.8119
2.0048
7.9214
-1.8427
23.0466
13.5529
-29.3589
-0.8087
-0.7291
9.1678
-7.5259
10.5231
9.2792
-17.5233
11.3058
-17.3943
14.5894
-5.3092
7.1499
3.1520
7.6582
-18.3474
-14.1594
-11.2474
-3.9962
-10.7132
3.6708
-0.0882
19.1960
3.4633
0.2065
0.4308
8.5524
2.8090
8.7268
-9.2076
-0.7772
-14.0240
5.8447
3.9424
-10.3385
-0.1323
-5.3537
32.5031
-5.0490
23.4608
5.2998
-12.1106
-15.4677
-22.3729
-14.4552
0.0496
3.6592
8.8945
-19.3965
15.0564
-12.6747
2.5175
-29.8206
24.7270
-4.2331
28.6625
-4.8386
6.1450
-7.5684
-19.7289
-5.3921
-9.3312
-9.3804
18.5768
20.9389
31.2375
-8.2095
3.9646
-5.9028
-15.0259
1.3430
2.5719
-3.4780
-0.7489
5.7802
-3.8960
-2.2305
0.3564
23.0520
2.5325
7.9466
-10.0346
-9.5233
-9.4633
20.6386
14.9554
23.2146
-11.9368
5.1900
-27.9190
-10.3774
7.0001
11.0534
8.5173
-5.0021
18.5386
-21.3185
-7.2659
-2.7674
7.6149
-8.4533
2.6504
26.6613
-1.1782
-4.4090
6.3139
-23.6318
5.5256
-28.5943
26.2915
-15.7280
6.9472
-2.0006
21.9528
-30.5596
1.0490
-19.1118
46.8073
-20.7335
30.9083
-10.2806
6.3420
-10.1479
3.9748
26.9958
5.0704
15.9493
6.5253
-11.1679
-10.6957
-12.7755
-11.1731
16.3092
15.9928
31.6453
-1.9830
3.9767
-20.7334
-4.3198
18.6533
-12.4069
16.5257
-17.0402
-2.3565
-49.5635
-2.9116
14.4585
4.3594
13.0262
-5.6864
20.9958
-30.6416
-9.5770
4.9660
7.6386
-7.8154
-5.2571
-1.9151
7.4428
-34.7121
23.7178
-9.2582
27.7932
3.9001
1.7913
18.8117
-36.1226
2.7552
3.2391
-4.0541
26.0648
-16.0356
32.4828
-0.2367
14.8787
-17.4470
-11.0870
-1.6487
-32.2148
27.7788
-2.9748
21.0632
-35.6745
10.5547
-21.2404
-10.3592
15.2895
-6.4379
25.6661
18.5679
0.1031
1.9530
-24.8921
-27.5903
8.6942
3.1792
22.2312
-4.8702
-2.7461
-15.4896
9.9623
5.8671
-29.2682
3.2700
-36.7854
-12.2282
-10.6799
3.9133
22.3969
1.9106
-9.7006
-3.1061
-5.3409
10.6536
21.7896
17.7193
-2.8463
-12.7074
-14.9972
-2.7939
7.7634
12.5285
30.4775
7.4074
-22.3283
-5.4665
-3.1157
-7.4407
12.3090
1.9637
20.7237
-16.5520
16.4638
-13.8945
4.0930
13.5002
20.5929
16.2162
-14.1691
-8.8535
-25.4611
-0.9958
5.5111
-9.4401
4.7069
15.5671
-15.1136
-2.2671
-3.5297
16.5370
-1.9056
-1.1999
7.2860
-6.9692
-24.2377
-8.7332
6.7631
23.1746
6.0072
27.8029
-6.5923
3.6600
-9.4401
-0.0589
20.9095
7.5193
3.9183
5.7923
3.9044
-0.6375
-14.1276
-1.2419
-15.7121
7.1400
-13.2765
27.7146
0.4710
10.9678
-13.0366
17.8552
-6.8748
5.3439
-15.8642
4.0762
-15.1822
8.3725
-4.4916
11.9187
-22.1158
-10.6119
-9.0102
-5.5259
-15.6434
15.7264
9.7086
1.2621
-0.5470
10.8542
-35.4613
1.8121
6.7829
24.5449
-0.7302
-6.7141
-7.5866
-0.0387
12.2244
1.4016
15.7353
-5.2990
7.2574
-28.1190
-19.1864
-14.8721
26.8209
2.6686
1.7083
13.7624
-25.5098
-3.2300
-30.4851
-1.0129
-15.4803
4.8196
18.0042
5.0544
11.8645
-7.1788
-24.1779
-22.3103
-26.4423
14.5132
-9.3923
30.1343
5.6141
19.5903
-31.5272
-10.0819
-13.4490
-12.2058
8.1515
14.4873
32.2457
-9.8457
-5.5803
-16.3245
-6.1150
-3.8855
20.9947
36.7123
1.5573
-13.9457
-9.5269
-8.4497
-2.2984
11.1672
-5.1033
-1.3069
-30.6326
11.5311
-28.7513
10.3338
16.9469
20.4059
1.6401
-5.6280
10.9574
-4.0710
-22.5828
-13.2208
-34.8093
4.1451
-11.9703
32.0137
16.2988
18.1542
-10.6215
-16.2373
-3.2016
-3.9802
14.8783
11.8744
28.4259
-31.7587
1.0420
1.5150
12.6035
2.0676
4.6504
19.7587
-30.9349
-40.4233
-15.3817
-28.0255
-3.6996
-15.2036
13.3397
26.3632
-27.3455
4.0809
-16.2036
12.6997
-20.0257
43.4062
19.4343
12.0210
4.7270
-2.4681
-26.9858
-17.7213
4.5201
23.6496
-8.0826
16.0364
26.3774
12.7603
-11.2970
-0.3083
-12.7433
0.3999
23.2723
-12.9144
-0.4704
-32.1681
2.5012
-8.3286
7.2420
30.9261
19.7469
-14.2284
-4.7064
-2.5273
-19.3729
-13.7076
21.3281
7.8959
6.7339
-6.9453
6.2065
-40.8481
3.2532
-27.0479
16.4203
-8.6335
11.8678
-2.8822
-10.5389
-18.3653
1.4926
7.9749
-1.9780
10.1278
23.4111
10.9879
-2.0672
-17.8097
-19.4810
-25.9948
-4.3957
17.6786
7.5019
16.8165
-1.0083
-15.4852
-15.4992
-24.0669
22.8663
5.0514
9.8416
-10.1537
19.6305
-11.8927
-6.7297
-11.0121
0.5244
27.4325
2.1881
14.2451
4.2386
-18.8746
-7.5984
-12.0920
11.0891
13.9270
27.8594
8.4361
-11.1636
-32.0876
-10.6419
-41.0436
-2.3932
-13.8806
39.0212
-19.0355
17.7250
-23.4028
-2.6941
-12.4275
-8.7339
25.6988
2.6328
2.8146
-16.7729
-6.7347
5.0958
4.8242
15.7443
4.6847
-5.7250
-30.1433
11.8836
-7.4860
9.4878
-7.3606
3.1430
9.3798
-4.0225
16.6681
-28.6019
8.4561
-5.8871
7.6725
19.6968
27.8680
6.5670
-31.4603
-20.8692
6.9616
2.0039
-8.7143
1.3108
7.9544
-21.2989
-0.1053
9.0603
28.8344
6.5078
27.3970
-18.0361
-1.4919
-28.3602
-8.4058
-13.1599
2.4575
19.8634
8.7751
5.7867
-13.7447
-15.5440
-8.0425
-9.9893
33.9558
-8.4889
27.7944
-30.0216
-6.7757
-19.6871
-2.2262
23.3500
-12.8314
32.1901
-15.7502
-16.8521
-12.2080
9.3582
-8.8078
10.6107
20.1194
4.6350
-13.0275
-5.4349
8.2916
-4.4515
-11.3680
7.8209
-18.2351
-13.5310
-15.9879
0.5983
25.2845
9.2848
8.2669
4.5620
-22.6230
-4.8279
3.2707
14.0071
11.5442
14.4995
-2.3047
-7.2012
-40.3551
-4.1047
3.9733
29.1741
15.1052
-7.9630
-5.9883
-26.4763
-11.8209
-9.9930
0.9283
3.9666
17.9235
-9.7720
-7.9483
-9.1360
25.5821
-1.5197
44.6911
7.7097
-6.6061
-13.7697
-32.7949
21.0230
-20.6418
11.3154
17.4042
-10.5317
-16.4735
13.3239
15.3186
7.5991
-13.2703
-5.5837
-10.6992
13.0997
-13.9066
16.7765
3.2564
-13.3852
-10.1481
-11.2899
-1.0463
-7.4277
9.4112
12.5083
-7.0542
24.2360
3.1694
2.0060
-23.3734
12.7203
-24.9852
-7.9993
-2.7824
-15.0928
1.1272
-22.3532
0.7807
2.8175
-2.3113
5.5199
6.7825
1.2298
-6.5357
-31.5413
-3.9642
5.0555
31.7775
-6.4878
21.0763
-32.4111
-25.4561
-16.8496
23.7493
-1.5500
34.8522
18.9609
22.3666
-17.6616
-14.0476
-10.5915
0.3081
-0.7261
27.5157
-29.7456
-2.5526
0.4889
23.0462
4.5797
0.6848
5.0985
-28.1229
-29.3179
-6.6365
4.2593
16.3338
-7.4064
40.5914
-30.7135
10.8186
-17.3351
7.8302
-9.5360
6.7727
-11.1993
4.8538
-15.9792
-2.1245
-0.5855
-4.4487
-22.1975
10.2093
-15.0492
18.7910
-1.7089
9.0957
12.4002
-13.3121
-3.6846
20.7583
-7.5042
33.0094
-28.7140
21.8918
-28.3479
-8.9745
3.1996
26.5110
19.4102
-15.1311
-4.2804
-12.7069
-26.8076
-9.3498
24.0076
14.3317
6.1156
0.2159
-4.4621
-8.8332
-7.7244
18.5797
3.4462
-4.5449
-12.3589
-15.7755
-13.6509
-13.0616
6.4686
24.8902
14.4849
4.2906
-9.4215
-14.5206
-16.3373
1.7441
29.6015
3.5244
2.2000
-14.2802
-0.1339
2.0995
-15.3479
11.3510
-3.4574
-9.4502
0.7915
10.1332
-5.3251
-4.6453
-19.0226
-5.1496
-7.6308
17.8768
15.9335
28.4705
-3.2580
2.1663
-3.9233
-17.2328
-6.9884
18.6127
4.2365
34.9439
-11.9747
4.0683
-11.6601
-1.2713
22.0230
26.7297
37.5721
4.0167
-9.8507
-22.7168
-14.5570
1.8853
10.1574
23.5212
22.6396
-5.5477
-11.3062
-29.7438
-3.6789
5.2396
44.1363
4.1487
10.7339
-5.2914
-5.1529
-3.7896
-19.9785
17.4177
9.0994
20.8386
3.8686
-20.0440
-0.3692
-2.5335
14.2995
11.3598
10.8837
-5.0242
-28.8577
19.9513
-11.6750
18.3565
-20.9358
9.0474
-13.7974
-13.3474
8.7447
-5.5344
0.2759
-16.0364
-24.6998
18.1200
-11.7780
27.8146
-6.2664
0.4011
-19.2937
-28.6185
4.3147
16.6348
36.2485
25.2395
-13.5010
-16.9953
-29.0372
-8.0825
28.9958
15.8563
13.8482
-19.9639
-37.8459
-8.1752
-37.8202
41.4924
-0.3536
14.9999
7.1530
-25.4883
22.0140
-19.1138
22.4386
4.7442
20.6423
-21.9984
-3.6137
4.7731
8.8455
27.9769
-10.3480
-11.6485
-27.8550
-27.0874
4.3962
-4.7226
19.7119
10.3731
22.1018
-7.2730
-5.8210
5.3462
-19.0398
0.0928
11.8394
-12.4452
-0.5982
-12.7412
-10.3419
-6.4010
-13.5073
12.1477
4.6123
-8.6766
18.4358
-21.5069
20.9960
5.6228
5.9814
-7.4682
4.2303
12.0097
1.7530
-6.3057
-2.0875
-25.0952
9.3932
-25.0225
30.0060
-0.4919
34.1593
-11.2033
3.9041
-17.8054
-6.4696
12.4113
-0.8751
14.3977
-4.9982
-15.4450
-21.3706
12.3369
7.0209
29.8847
18.8776
0.9738
-18.6988
-21.6406
-19.3620
15.0985
3.2456
41.9957
-18.2747
2.3306
-24.0765
12.9602
32.2275
4.6144
10.0273
-17.1898
-0.7805
-3.1821
-4.7974
13.9228
6.8288
-11.9884
-10.0113
-12.9577
-4.2490
-20.1141
-1.9311
18.9769
23.1723
21.8514
-2.1239
-19.0296
0.3914
-21.0636
11.1013
2.3729
9.3417
6.5218
-20.6063
-1.4274
-28.9957
8.5376
11.7003
26.1299
4.7714
9.9106
-27.6314
-8.6344
-20.4553
-8.9561
2.4126
16.0740
-8.7413
-22.6879
-5.3922
-6.0768
14.5434
7.4038
6.0430
-3.7079
6.9600
-9.1041
8.5847
0.1821
-6.2230
12.4111
-6.7437
9.7337
-23.0749
4.5635
-1.6772
2.0740
-3.7526
-3.5096
2.3347
-15.1309
-2.1373
-2.7876
-9.1456
8.1028
4.7191
8.0982
6.7091
-0.8703
2.1040
-20.1052
-3.2259
9.6053
11.6084
12.8711
15.8994
-14.5438
7.0715
-25.8459
2.0497
-9.9057
9.3545
7.1273
-25.1478
22.2684
-16.0424
17.4693
12.1878
2.8334
15.4335
-26.4481
20.6569
-0.3127
-28.5939
4.6098
-17.9771
23.6234
-5.5512
17.0006
13.4247
-11.8086
-9.9949
-16.1333
7.2611
11.6642
23.0160
14.5926
-2.9093
-13.7869
-12.3556
11.4202
11.9289
7.1820
14.2098
3.4210
-12.8746
-9.2728
-3.3132
10.6985
-36.5693
12.4075
-22.6849
5.0055
-26.9078
13.7901
10.0879
-21.6839
13.9698
4.3818
17.9594
-39.9266
9.7104
2.2631
6.9067
-7.0786
12.3853
-3.0485
14.0595
-23.1264
9.8108
-9.5923
14.6394
-2.8776
6.7579
-13.3978
-13.9479
-10.9867
21.9155
14.2961
12.7788
1.8715
-1.3594
-1.2307
-8.5455
23.7154
8.1957
-4.7723
0.3756
-6.9181
-22.7179
-7.1574
5.2440
1.1665
-0.7113
10.1910
11.1097
-8.5324
5.3659
-3.4545
-11.0830
-9.6527
-14.9556
29.4108
-7.0534
26.0309
-10.3335
-5.5354
-13.4493
-33.6552
23.9340
6.6517
21.8593
-19.4055
-6.4081
-33.7368
2.7063
17.6804
24.9067
31.4807
-9.0777
15.1515
-17.1598
1.8000
4.8137
4.9248
11.7995
-22.1447
-14.3752
6.2072
-3.9901
32.4506
-1.9308
15.5820
-2.6104
-21.4360
-0.2619
-5.6854
8.2197
7.1796
17.2749
0.3713
1.0255
-3.7622
20.8150
-6.4331
-8.1641
-3.3389
-7.8514
-31.7978
-14.8927
12.0463
4.2090
9.6231
17.9191
-16.7270
-5.7462
-41.9295
31.4032
-5.3012
22.8405
-3.7131
8.4781
-6.0081
-4.2385
18.0773
-3.8983
6.3256
-6.4770
-21.8733
-9.0657
-32.3590
18.6121
-2.1077
19.0620
2.4730
-17.7314
4.1459
-10.1532
0.7558
6.1933
0.2162
-3.0180
-16.4747
-2.0206
-15.6044
-4.7674
11.3921
0.8713
-17.0095
-16.2779
-7.3544
-0.0626
10.0645
29.9440
-13.4651
1.3474
-24.4837
-5.7431
14.0376
-0.3664
42.9880
4.7116
-3.2066
-28.1161
-16.2941
22.6401
-14.5608
26.0806
-5.5561
4.2426
-20.5854
-3.7744
-18.4211
7.9261
1.6282
34.2772
-5.9098
-5.7579
-17.3790
-6.5514
-22.6734
27.2710
7.1097
22.3965
0.3585
3.8540
10.5679
-18.0398
3.2908
-11.0981
-9.5736
-30.4905
14.5578
4.6786
-21.3091
9.7752
17.0181
19.0859
3.0703
6.7990
-9.6058
-20.7430
-18.1534
9.8697
7.5837
7.7086
13.3158
-5.0674
-28.6136
5.5788
-12.1132
23.4360
-14.6235
35.2612
-11.7485
2.0705
-29.3418
11.8407
4.3027
14.5380
-0.5976
-13.1918
-13.4039
-13.4192
1.8957
10.8736
14.1318
17.6836
-5.7780
-0.1160
-33.8534
-9.5085
-6.5460
11.8233
30.0484
-14.9919
17.0513
-6.5379
-12.1299
31.7571
-11.9796
19.7391
-21.0627
9.6433
4.0121
-16.7620
8.9961
4.7635
41.8350
-19.9231
0.7478
-20.8367
-18.0274
2.4656
12.1221
13.3009
-6.8468
5.4848
-7.6639
-30.7983
14.4676
-11.7993
28.4759
-14.8590
34.1031
-12.3563
3.1913
9.9243
-2.0561
15.3133
-17.3735
7.4966
-3.7916
-26.1034
-20.1738
5.7204
1.1046
19.4915
20.0887
12.6078
-19.9638
-7.0664
-0.5051
11.7522
14.7952
23.7685
18.5100
-9.8359
-7.6292
-25.3480
22.1209
-0.9585
35.6730
9.9544
-1.2399
-25.5269
-18.3099
-7.5522
11.8163
-29.9570
15.8969
1.8958
15.6071
-16.9386
9.8704
5.6089
-7.0636
-2.0012
-0.2902
-6.7861
-27.1213
-15.8261
-7.5279
6.0049
27.6147
45.8277
-6.0822
-20.0275
-43.6811
13.1607
-15.7889
31.9275
23.1780
13.3573
-9.5467
-20.0348
-4.0834
6.7540
17.0947
-1.4584
15.1902
-7.4974
-38.6576
16.8391
7.8357
19.2146
5.4756
14.9296
9.9655
-51.7728
33.0348
-49.8538
34.7002
-27.5425
21.9171
5.3780
-21.6185
5.5667
-26.7898
10.9516
18.1356
-2.0143
18.8644
-26.3858
-13.2493
-11.5302
0.2060
21.2922
