0.3251870651159176 1.3810735440847084 0.8604943760268685 0.583271362779399 0.3794125267451901 -0.6073185113427243 -0.2509880163722446 0.2637873104567495 1.3062069906937184 0.337354878941366 0.7421361274390095 -0.22453538519548855 0.6742949517323473 -0.6858278759213128 0.5575105657330928 
0.05741496244418724 0.8388296369070585 -0.4780716899773995 0.34225844433032987 1.1575034847026742 -0.6408845221007747 1.1753504291988102 -0.7832222258224627 0.8772747816342102 1.4489177327954925 -0.8868469551277398 -0.010831687057593298 -0.1470412716126075 0.20571541387555659 0.9218516756980122 
0.9350859925758539 0.0926527296962969 0.44404823169818636 1.3264113126124024 1.4808925292951047 0.4839035149305803 -0.3651073192762845 0.906557176149084 1.1031337489192456 0.7674149457349219 -0.957887754378298 0.014347260154860875 -0.44567543600101844 0.5965284033353102 -0.2831717101749236 
0.7958397627219939 0.1289662963885722 -0.6779098536605883 1.0474906074155537 -0.07265333759704788 0.7997025359520491 0.17487464504867606 0.7616454137264705 1.891197753830748 0.8503800231389128 0.7993967379480065 0.28922762857245354 0.9750016277713178 0.7636116900089409 -0.9098384556263384 
0.08663395423558853 -1.0918944468535865 1.6782193986738136 0.23552778501731228 0.4627822878060167 -0.8270496335711011 -1.3776940931808115 1.7991685628750544 -0.829449116218057 2.1109455898353944 0.022710439568963237 -0.9168898322130836 0.12264596093667679 -0.11315424261547125 -0.33424574935742557 
0.9071369102346954 0.9116666987460231 -0.8846198143951673 1.1219979044305897 1.0493102305300355 -0.3542976464751737 0.8717472888173519 0.5353576036258888 0.14667627824982876 -0.2775138095465524 -0.1041114279384534 -0.38388566809430746 -0.8092321115150378 0.5340835234346901 0.9971651314674284 
-1.0121193506878956 -2.178506385609492 5.0900223738386146 2.031079727348805 -0.523605998500523 -0.31086326051069324 -3.3244786404334223 1.7118561001277832 -1.896305129432681 3.2232729194635166 0.5159211526492467 -0.9920993123089139 0.7157991487121467 -0.5205005280428525 0.6423727152607157 
0.2578048283539825 0.7174533795746035 0.9138234263229932 0.9072926252804772 0.8028600583916401 -0.8106073557704578 1.198649649316235 0.14227067911126662 1.364437394038402 0.8766836998578184 0.6243418721749805 -0.951295154225422 -0.049530256961649366 0.4784127749454614 -0.6607315456657865 
0.32283807819698795 1.151481316383392 0.11434137036560005 1.2590587859353883 1.1721114370938897 -0.7498536934710234 0.5617487387098595 -0.7515956711549183 0.765045674912605 1.214651923934857 0.8488442484763663 0.3344776183763487 -0.6490022843483598 -0.6679778286973415 0.5851745947766098 
-0.22981736833447763 1.653730005098197 0.38478238443418983 0.8164631847197397 1.8107945919666535 -0.1360727327614007 -0.14995709008590855 0.568375701388155 1.2051484351115944 1.3554815889600735 0.5667209723605908 0.544754879050718 -0.952219234888906 -0.6445652020467745 -0.5350748722839365 
