0.1337691065718163 0.013176492113856944 -0.5860571415093679 0.8588820496693605 -0.5209512356937601 0.7200874319580688 0.06624799921453571 0.3189138133274145 0.2908122718750457 -0.9015718225346586 0.7186240955915455 0.04120954021764354 0.023635662851826705 -1.032189010302183 -0.8064798853353167 0.6663750672968213 -0.7609985173142584 0.07455177382625292 -0.0688867794129337 -0.9950339829149074 0.34670437202326687 0.3337371000566665 0.33150670274908384 1.1949089127007528 0.1073044186653676 -0.5281153034248298 -0.5402404595432286 -0.11121877081770568 0.09413394622705572 -0.9894338965613264 
0.6382291899690753 0.5294135757676127 -0.6419304362632134 1.0133070067527665 -0.9603890617676099 -0.5432461845802286 -0.9002736294229682 0.09280617184379852 -0.900452238706767 0.18895586724267988 -0.007348644062917224 0.3533223122402233 0.2671425096579684 0.6078924914482906 0.0298234949587011 0.47719567533275004 0.24824772753872162 -0.6793701120935182 -0.5639140277279613 0.48102922801500364 1.1322504814148677 -0.9268273722694084 0.8567600036589019 -0.8756178981896952 -0.7213255535436964 0.0271460051917193 -0.7302073557443771 -0.44571654553613776 0.9499857563218812 0.5408563539931784 
-0.8942861619104867 -0.6636596948879477 0.35178959935574516 0.029312628882204872 -0.7533733529447149 0.5554321998044007 0.29048895893466287 0.3115245753068416 0.19051306870015744 -0.05435657731767285 -0.6401308787757214 0.3714631155961329 0.7107202451072341 -0.514257195702312 -0.6975724741038332 0.8303484669440565 -0.06083501611664667 -0.6733182373915053 -1.342223106610449 -1.3545436193861389 0.022950781430991034 -0.7110773889665022 0.02640208833126565 1.6226821530032003 0.8302625646155095 1.435828618664485 0.27659670615021636 0.8261086861308691 -0.41466891925390137 -0.3430985168087181 
-0.8078547461224663 0.8175796379431242 0.8569444383964493 -0.7218032028858418 0.7561463211334298 -0.009222864144922783 0.010501160285710244 0.855715771981873 -0.5440418474795821 -0.7257021579294884 -0.6011565144112295 -0.009553501453730717 -0.38301578424960436 0.9928641117440976 -0.3514127701179021 -0.8812708144910328 -0.9290495713285642 -0.25366435802621845 -0.7478343624291888 -0.1615815364023193 -0.41077657017057156 -0.15290329641404746 0.07906558128264952 -0.7028236050354854 -0.9289211143541624 0.8421494376703373 0.23096696704748332 0.6406072587529641 0.24205345976468423 0.29638463440862706 
-0.5246132328206088 0.2984056239618273 -0.7479652550461627 0.069179132279482 -0.8313510350600778 0.270615421094311 0.03224063437573855 -0.5120861320517381 0.7829458641978325 0.8116902321238173 0.6075619634207502 0.4027723512745734 0.20764771249419853 0.5782840314015035 -0.6652457105964532 1.0220369412837835 0.7824109046555815 -0.42508350326678707 -0.27765866717596255 0.6566362626157786 -0.4258017290064823 0.16372723067463496 0.7860692666785767 0.2747513605746658 -0.3452761407868245 0.8189907092518118 0.4691246725534382 0.7052814348558708 0.18068107304955577 -0.1060720175559664 
-0.21080738833192525 -0.5274265047620601 -0.20246028781952716 -0.06349392576874151 -0.8277415254677559 -0.5250145926458496 -0.846682712259831 -0.46676566851848234 0.7390730165893554 0.9807065661762987 0.8617443836895737 0.012919351634680892 -0.5540257914745071 0.10439370286127049 0.16159619908106182 -0.48129104575808324 -0.7567788213906281 1.0728675892397 -0.0702243989528506 0.25314366188299275 -0.6084120854403496 0.3454371125030172 0.25270492816987394 -0.45644869500628693 -0.816174014202274 0.02198266777439582 0.31701261263726294 0.7444812565398775 0.6435198390263666 0.8108795217364877 
-0.604636151976182 0.05244455231835886 0.21588194672323283 0.4717961615866495 0.521387478471361 -0.6813951949372841 -0.5916872884622567 -0.3335018689351266 0.9129703376616555 -0.8749816825287065 0.4555876541671848 -0.14367201141421207 -0.2311201763240835 -0.07113660045867536 0.21156617085821144 -0.27734340037390526 -0.3303060516629943 -0.6116185163357485 0.46494038137159166 0.7737443230589216 -0.1505638840416775 0.3923334870427838 -0.7081026625665335 0.7396241579684144 -0.7416774510864614 0.5416731422858801 -0.5885206873479238 -0.8869139829338476 0.3487920290865212 0.2900612276549021 
0.20102350663358726 0.8890785154219635 -0.9150254353135198 0.9913223718182341 0.41238336081679927 -0.9392660662117961 -0.19930679843410554 -0.6254792080677052 0.22255948264310796 0.4587580383938293 -0.7782862734092288 -0.016522694363943536 -0.42811181446917507 0.7117686972134352 -0.7692353494855956 0.30480018535238207 0.028333994560292154 -0.44833144746863157 0.24763188231320737 -0.9611654039568145 0.43655199420638585 0.934505518027867 0.6115161291524134 -0.05568860124592282 0.05317387414207376 0.696540569286194 0.6811789286443832 0.915554163211282 -0.13343630382167188 0.8875840746698855 
0.08570881016443987 0.35420119439869985 0.14109677211447047 -0.2720529077612433 0.6674843193139025 -0.1540045474031256 -0.035660680357947554 0.42738044660933905 0.901835023825932 0.4181968773418334 0.5215335336254381 -0.16794983122585797 0.9204810862372588 0.7090966524032094 -0.07462233057124837 -0.7804976474287272 -0.7362648015505092 -0.5881813442322471 0.08978622219526414 0.014798983596182322 0.45561905266381664 0.9991750983297547 0.30423559420214447 0.26274171244802386 -0.6276683472387727 -0.07227424846239243 0.9315245692613038 0.20568047929665115 0.8788367943458679 0.6811537067692467 
-0.3276718054510668 0.9504463713570764 0.22175516684072188 0.4829556624081099 -0.7454693324451314 0.38817642031164956 0.9824304682951237 -0.7000241202244677 0.031174700639176427 0.5522467099778323 -0.38385881163534885 0.3755490165492358 0.11957937255554799 0.7595457461139219 0.27477372186952315 0.22043580607808022 0.22339142953236907 0.3225334593294871 0.4134903128194511 1.2552541593494455 0.4205809396024732 -0.5684685225669958 1.0208544088167044 -0.829473247083833 -0.7804866939982545 0.428367151996417 -0.8677342230446266 0.5499567866512377 -0.5887284195870258 0.8352171448292723 
0.14448747494083825 0.9204654409185955 0.8405628597457447 0.6318237124461085 0.6120597350213093 0.25261720406240673 0.29510011924629276 0.9927103975333903 0.10766197980268788 -0.20055658642613075 0.8833497501452996 -0.08693342620752414 -0.4531919870850807 -0.9195613369575797 -0.31467418543808046 -0.16261757688318812 -0.17730972958804067 -0.8775274607657015 -0.7317821336948048 -0.24698063617042998 0.1570447651177474 -0.5542551896231248 -0.49366027528052286 -0.813800867041548 -0.20691877073487328 0.029590891446958065 -0.4354375132437945 -0.6964976853109357 0.17213949917097784 0.2980231384644145 
0.7197188436386788 0.06781031716331572 -0.6625277006016326 1.0037579916673167 0.8675950803955318 -0.7503587176987352 0.3239884505758852 -0.3000790730621103 -0.23004064581298153 0.5781129609875699 -0.448655398871633 -0.2613066023815959 -0.3828207590296677 0.5369586703419175 0.7270291601375356 -0.782353474653013 1.134496586428087 0.4471387873498935 0.14042512318824052 0.7309705228111851 -0.17292600211350567 -0.2081608972135136 0.6135292552456875 -0.7095171028673263 -0.3453961749958233 -1.0039780613864335 -0.36941162585849446 0.18707199672207192 0.16082808998168008 0.4867734699599226 
-0.21673712806810652 0.3930628884188595 0.47295638963957837 -0.6784087122581557 -0.888555761010524 -0.8223446629689792 0.6870385542289758 -0.5307152631065102 -0.16140656221553662 0.2127027826465025 0.788837630453049 -0.2233429053112098 -0.06341593439132459 -0.8627853382164175 -0.03813947431561236 0.000774088820099152 -0.47595127339098603 0.5225097516816517 0.3101695537278542 0.9056061011934022 -0.7263218202038026 0.6407134178646389 -0.4982300108819125 0.1488851104937083 -0.03002617923301734 0.4243315082012202 -0.22560310843129136 0.7671449464572029 -0.11507494208009002 0.8081169067668326 
0.7570780843794818 0.7358505199663621 -0.7881819542009147 -0.0030164016033060984 0.5696920276473179 -0.5562325491747173 1.1247495352293684 -0.19428394109467703 -0.04570321063863863 -0.16911662182028595 -0.243867530456467 1.0084915029343395 0.7704042705667227 0.9445886563028869 0.46287294569410803 -0.7643598428449563 0.032577054944498945 -0.4573301836554501 -0.020239149257700883 0.4728980980991337 0.5690075532898363 -0.25118241745771497 0.8165759952251855 -0.9341604743093016 -1.0127153638266282 0.7501703081872938 0.06628416132285053 -0.2608064515722824 -0.07858675393541019 -0.8068280686126144 
0.6833553819802014 -0.6857854281191745 -0.9313689633668963 0.9833295728875436 0.22625997788504232 -0.8513159117794794 0.49162420082091735 -0.7986766432630498 0.04934763489351336 0.7854141983093209 -0.40025272708762494 0.21265443902677583 0.5835528105355178 0.6113790522407831 0.001488781024425638 0.19763026031913875 -0.03315986957037485 -0.48341402584958426 -0.970018948341153 0.6156644287442421 0.6586595375799101 -0.17638862648767134 0.4574044733516419 -0.3598177497295618 -0.7573516144814098 -0.10792581131863427 0.8923973746671022 0.4752234666437703 -0.7449349810218208 0.5049986932186953 
0.7320772430959759 -0.13361514237263178 0.18154798501769093 -0.39792829417329056 0.048432641767466374 -0.9628328787682295 -0.5062053177277639 0.791752429389418 -0.5758555485269483 -0.7572349332348376 0.11231419851686811 0.5910265134520393 0.5427608178281939 -0.35537982011733443 -1.085398452246053 0.14390422621914573 0.214937473278423 0.4142362543398689 0.6330725780214673 -0.4522173513925498 -0.1331682184593986 -0.7085661614640755 0.505964937249894 0.34470771492239966 0.35287731277013734 -0.2707809078618853 0.2768024314677314 -0.09208036729761838 -0.6694560255293611 0.4607633611181396 
0.16461340339003017 -0.05712509797869158 -0.8551463763242257 0.5490752078842271 0.9703710031272444 0.8093088551930414 -0.39940239623268214 0.40353112510436123 -0.7468916291300834 0.2870893990915375 -0.41195495928262155 0.8952233742115967 -0.17284666518521236 0.0945080217119925 0.7185785977183236 -0.6154390004787783 -0.8121911617072701 -0.43743424361722105 -1.006544032080064 0.4736196338952533 0.5010450636610185 -0.6825655955154892 -0.397839494569736 -0.4905701970802489 0.955248325159623 0.4130210551410271 0.6010119832390128 0.06272269326424869 -0.60808513578805 0.39690829244987647 
-0.8493810193354772 -0.8025213001436574 0.4363773317988327 -0.13334171880901483 -0.45343034743138655 0.7583293797959618 0.23720376808494847 0.5900752633153675 -0.6206008632874483 0.045591133563443666 0.8777731500174446 -0.1479654131759578 -0.8225327069196705 0.18771289117430576 0.0025111833576069663 -0.2290616996544482 0.9337550705069163 -0.9122259416611833 -0.4453904424073349 0.6690075008530291 0.6377583517710183 0.13670998996448205 0.5927487738917856 -0.19682945144903177 -0.32009290355185077 0.15576723123248426 -0.07498300892720992 0.7091418198978873 0.781399088859835 -0.45963121180552413 
0.8090384968596687 -0.3372247173040953 -0.9705291096178824 -0.7569161837493528 0.7139907991427914 0.3751237965028492 0.054303494840681685 0.6096881206482749 0.2828079375127571 -0.44374179297454924 -0.6093885905089088 0.0787391805298618 0.5400762227802951 -0.3498299842447624 0.12526246116654552 0.20002895924686137 0.12746670049988157 0.36848020279059374 -0.7945851431689769 -0.4851406115097533 0.8462280872371217 -0.5238214811233153 0.1733951618726584 0.11140782086922728 -0.0395765701638201 -0.029788862916650352 0.8752181479804848 -0.6644302893595693 0.6787789784395615 0.40516272927234065 
0.8229299399350225 -0.09824459913703255 -0.6990077524774599 -0.4776809841094085 0.8410885281058341 -0.9689788126665493 -0.45032205140466985 0.22713995199696463 -0.4764671511239126 -0.6558624973235739 0.3887919711384171 0.7326174119859673 -0.7821508874905503 0.06228327212541703 0.439197565811424 0.26890922424138447 -0.47526824494769565 0.3831806147925272 -0.7544972585824655 0.09068217866920554 0.21644365222910655 0.7928180210450516 -0.04206682384737658 -0.08295409844521735 -0.8724891916747511 0.2774987848083104 -0.8013678879020971 0.7997504738228483 0.2501893003235837 -0.43575250257707315 
