1.489576927940087 0.8803709811033797 1.2211591766918055 0.1616989787039092 -0.002278210325530925 1.023832748183227 0.46770374683588 0.4159675131981191 0.21677491913006297 1.062844869195134 0.18803766451210166 -0.26962809290346623 0.12701761140257 0.54612600908108 0.9132033618322988 -0.9671917607407661 0.6359330157523448 -0.8978611749348622 0.08269008143491141 -0.9921280336589093 
0.6453024293143103 0.4342832154586594 0.10728371624449146 -0.8202146822093195 0.04249034722945227 0.326384726839095 -0.311154414076531 1.196892234142785 1.4424018590735221 -0.475274808302754 0.2557468177534716 -1.1180759978270483 0.27438505759646864 0.6097664112256485 1.3622763546092633 -0.7342095795815036 -0.0471367014791364 0.6089669396657746 -0.2545651680587271 0.8873693331045724 
-3.247300241295162 2.3080671354438085 -6.055340834630446 1.3522168054093782 -0.03321913143003509 0.4207568842149067 -1.1706833544911994 -0.44064648822046043 -1.7409904246860632 2.2545552111303166 0.37376616444345256 5.878832472419383 0.2643208598369605 2.9829486769942277 -2.0236305419897724 -0.9246650516827453 -0.6679438399308975 0.6589371310834513 0.40979588867236605 -0.675665206379932 
-0.12623637840991864 0.41644476137046194 -1.2874913008037892 1.0894840189753738 0.8991172191025164 -0.0691295237865505 0.13940330420903685 -0.02340792964061113 -1.0213756171032409 0.4050205907833077 0.579584163715349 2.482446379758543 -0.03814999872560475 1.4079915907187222 -0.48930727576178246 -0.47847411548694363 -0.3445690277823579 -0.8081924255615427 -0.3750877829990513 0.7062362420632273 
0.1812110680599885 -0.6065882952029599 -0.35561350557888144 -0.7857404444259386 1.3839774595392895 -0.18867611064848125 -0.0863427173368709 0.25602892310884806 0.9262748665429213 1.495664466207241 0.10527395942708556 -0.21919706745153358 0.16561871426287578 0.35910655219330945 -0.2724140106705402 0.3650843065239211 0.5207345382084052 0.30435584802214555 0.9058543254873146 -0.6689566005954888 
-0.34736084465678646 -0.2304625855532272 0.7993270784894935 0.5065550864226622 -0.4747802186372715 0.3017074861566026 -0.1854415220285615 -0.3302445654798178 -0.7729302987926747 0.8034468194420638 -0.013194622870776232 -0.8853996891131737 -0.8633514271533292 0.8924404274024315 0.04374345968965777 -0.1862058055157194 0.5324849968386756 0.10518188823359798 -0.9376973183455246 0.672357978379508 
2.940328104764815 -0.03987997284365369 4.68890416951522 0.2087566500913248 -0.08795897766299832 0.34095984144983144 0.5297629842475872 -0.10294248683787742 0.8740931563607848 -1.8694696068620127 -0.15162308710209704 -3.917676434591908 0.4478972888198988 -1.6289188117168723 1.8274030785817763 -0.7062262678056259 0.3173349726418013 0.9451021488046236 -0.4723115736688557 -0.5251711403443171 
-1.2882992918554306 0.3051745221331304 -2.775580405117503 0.8857600951083473 -0.029213042560118908 0.6668124019231253 0.21769866950651956 -1.053878604423832 -0.1577920780679798 0.23028610183687503 1.1484584942156704 3.239612542333459 0.7135298031532415 1.4710020423284849 -1.2035026825236974 0.49546254155033265 0.681463770442899 0.12406372360312368 -0.7426260421399877 -0.6812691019598605 
0.5678015164246921 -0.5290005563048134 1.2049435558907073 -0.3582817565951539 1.1418815788668903 0.6377354411163397 -0.09343276325926793 0.49660201259980447 1.2385364921620656 1.0465022368997217 0.26531836191181113 -0.25258773665662504 1.0437855232779738 0.5436292720068099 -0.21429451656407758 -0.5222972900435567 0.30744869868284175 0.6552036489020103 -0.7159670320104325 -0.3502454206135974 
-1.3430118981639028 1.749273155730252 -3.5125083327327777 0.5080644261538731 0.45480389306266905 -0.042336808721513804 -0.8433897549145234 -0.2942098576587362 -1.1864000830161703 1.221061903234643 -0.2537168412379064 4.524549296886317 0.6912638306770064 0.7733495443095902 -1.5068911874182327 -0.8115867341972391 -0.7438193617548234 0.9693522020336971 0.12396236397344951 -0.724042087273933 
-0.293876836172095 -0.16126490902974738 -1.5261034838807237 -0.5329860469833413 -0.7305944576238051 0.7023646086758555 -0.631427643879691 0.6405347404762681 -1.1477056008864543 0.7177263936472152 0.1759812784606082 1.7845325682528488 0.30537005340993467 0.31667166871800856 0.13061818511112264 -0.21019527975884844 -0.578827329470954 0.19130373904772902 -0.34185157525219867 0.681981113130242 
1.5873575495788028 -1.0960916336614872 2.9342394360612896 0.7210177078832809 0.2529453825881908 -0.024250450131643495 -0.3564572184829398 0.06340983541957322 -0.047695897101333616 -1.4839875070291175 0.8159557738481186 -2.1517369929575083 -0.09342571176569647 -1.3674526270570695 1.2973319486338384 0.602375867166915 0.8381313617830288 -0.9359880579050854 0.26891602284569305 0.7695862215561016 
-1.5146429544019233 1.1786138012408156 -1.293375966179699 -0.12010947153709668 -0.9579453320844519 0.2794634949183152 0.0904423684520624 0.6463825708464376 -0.8389849875906077 0.46548834895149294 -0.7589627039609466 1.9209101542582476 0.18812318681804277 0.6536491199763345 0.16365688429620812 -0.9532487082369168 -0.9255322897300069 0.8640830496888008 -0.06636932329998824 0.47390816312070494 
0.31445263278240426 -0.36358476061810835 -0.5192177971219568 -0.03712597228484639 0.4709352134204479 0.08137626629111706 0.8006160048318618 -0.2066890840408972 0.7607825973331819 0.5385974600518701 -0.7675228617711074 -0.2808213770706394 -0.7397752833479692 0.5649753570677779 -0.45084186414199734 0.7603875020277584 0.8752357844201792 0.6835161984148297 0.8144211491442164 0.5036265951198264 
-0.38109715860540333 -0.8793577038665353 0.8089662207030741 -0.6964598237343609 0.33840771753836973 -0.3502896814535304 -0.7425660971207918 0.6287445678906375 0.2693734826593851 -0.3122791971815505 0.9331502289211281 0.9128528541763296 1.0586964038328082 -0.16652536747529742 -0.3569308611374053 0.7825629868372399 0.6900943210499786 0.9800372034220608 0.5812333150588327 0.7599749750632412 
