1.5e-323
0.0035270841695201303
0.007019256882733406
0.01042945307135434
0.01282825883056641
0.015905092015348357
0.019127789686786814
0.022289506555353722
0.024110646922484887
0.025269464404956966
0.02726717485077666
0.029519308281862316
0.03185130273693422
0.033379612286109396
0.031801679982148286
0.03282499677183321
0.033790198188315156
0.03331803773665604
0.03285271791131707
0.03289520611547018
0.03567487535632849
0.04091893109448319
0.04108743770183258
0.040341289345351784
0.048181343639486056
0.05300768396016324
0.05071102503435461
0.051829783314228425
0.04932272129831901
0.05049688675315023
0.05898686610781714
0.056507810657845235
0.048473503964183436
0.04434737953796882
0.05034948185430472
0.05196480764660447
0.048877725946987
0.05009351109610856
0.05182653092738196
0.05585308956999867
0.056593797108333385
0.05736985734656813
0.05863974010947773
0.054609817644396104
0.050567922186304924
0.05272909621733279
0.05520067772936689
0.05309494153058273
0.061019454392161325
0.06444657862212805
0.06288938914161799
0.06658447837714206
0.06875218975435748
0.07101814634906314
0.07246877700643332
0.06636854969643148
0.07908635170195445
0.06579220756706403
0.07047438080870587
0.06936445965692832
0.06664188366650942
0.06626533215794167
0.052239584372299766
0.06903558853819995
0.05632290446876049
0.07054878539861141
0.07798353712879164
0.08114679034120562
0.07942092262250174
0.08145107189102013
0.08372982885580817
0.07482268216620411
0.07745550302949092
0.06632718465573055
0.08225857668525707
0.06883772879658918
0.07165059840124835
0.08028449680020493
0.07312189039590314
0.08484190441073576
0.08861648083561766
0.09098214684275137
0.07230469906766324
0.08638442327202249
0.09091004059836302
0.0869770746830645
0.08618223173341448
0.07848044781518533
0.07159828354925395
0.0652099285745572
0.06606468076969968
0.08628181575359865
0.06712046598015743
0.07998601293173899
0.09331114913120046
0.09958120049264611
0.09919470169451015
0.1000293824243061
0.11218996802691797
0.107725744122539
0.10522512420242675
0.0975452402466772
0.0923886204974967
0.08915359381780538
0.09289946216853681
0.07224713891509006
0.08265590755969482
0.08828848041813374
0.09280836876678751
0.0997352971596103
0.07990926300922097
0.08964816575690256
0.09502504332030819
0.0979538295968575
0.09774582873301563
0.08946442576826602
0.08406220794458423
0.07282249708119716
0.07402006122641762
0.08563673219078441
0.0982312455536071
0.09554150732402307
0.1209346485912634
0.11906272408571307
0.11588543655253918
0.12041045024942881
0.1265403803162945
0.1291460462186214
0.13439239714132567
0.12834548204772075
0.10472587684440796
0.1018544731062922
0.0884782034119147
0.08808947614259344
0.08460607734721924
0.08643687812605856
0.11696956750739965
0.10492740092674809
0.09831836021015225
0.10460141071381096
0.10669788147403364
0.10788689844644885
0.11055572110939742
0.08521253549828267
0.09093354806514473
0.08402331134126198
0.09686526139231413
0.09739133719263718
0.1109133001285308
0.12968356535677836
0.13727786714006865
0.1413818769219406
0.13596050672484428
0.14858269316578804
0.15550353743417497
0.1475892637814013
0.1500413975397658
0.1350907271967322
0.1371696899224216
0.12862444477027282
0.10807404085193587
0.10396806959104955
0.09257955940519037
0.10241605182910432
0.12190856226991928
0.13594223700939592
0.11551441041475721
0.11047845007970665
0.11100613741831353
0.10083691639554015
0.09629882051037778
0.11990414666811886
0.07673684778759106
0.09429586822266357
0.09699439760378238
0.12040014164801875
0.1280219657137929
0.14670951485002193
0.1651199694977782
0.1377071196702351
0.1544374786349195
0.13682286435576774
0.13011838848458326
0.14768594699389384
0.16101525792079716
0.16592651961440766
0.15706070467720118
0.1505450425803483
0.11844967897975536
0.12094749414895337
0.09407723718851428
0.10144198306499282
0.11835734951839877
0.12058639309519532
0.11992865952233235
0.11938951722370063
0.10756460127543113
0.129828492923876
0.11091444118670543
0.09934078217157648
0.08951033126396404
0.09686279427892472
0.10698818324733345
0.12664438375209783
0.16204449057058778
0.16060964892881388
0.15019570116589134
0.13123822504255023
0.1205441565834437
0.09081901159248815
0.10366191035456183
0.1272438927360628
0.15865026892772904
0.16639753796931042
0.16351550376134621
0.1542751430222439
0.1554157626874455
0.11914126208256012
0.10012776092247858
0.10184881773832027
0.11582687805904252
0.116378627931563
0.11211323976047967
0.13242410529062168
0.1087732478182439
0.1199145203909037
0.13568640435178514
0.08744757795069497
0.09639726056366052
0.11105030392424037
0.12087667601519055
0.13103838911384594
0.16747458664035
0.15742567622716103
0.16560809012366448
0.14552634940283687
0.10503952568791458
0.08222003011650504
0.10717387130722718
0.10724453428384322
0.12966837261152694
0.16343406110283487
0.16021971456753142
0.14457369804870218
0.14878243429559673
0.12389352619214755
0.11519684748343877
0.11068377799993546
0.12269470396732958
0.11904304209428282
0.12484199889578837
0.11288156619569198
0.09514467220678138
0.13811198761532084
0.12802835006793883
0.08682260272363479
0.10307332242698072
0.1191311590538358
0.12191625656262783
0.13448263099821242
0.16613475060189342
0.15919944311510947
0.15791384584010354
0.16175849067138834
0.12314805890692276
0.1016142565772608
0.12173843493945309
0.14805065051244867
0.13460098259863573
0.17542034440102677
0.15829677890040758
0.14761416191329743
0.1607027645795262
0.13439356624488863
0.12718780246087943
0.10096636030208647
0.11976769061003235
0.11905823177741649
0.13605493382820616
0.12252063845597727
0.11820444015375517
0.1352216682436789
0.10441798813579481
0.103251090613885
0.12654889448221893
0.10972326189209741
0.13144577840410124
0.13691027636682113
0.1725345464345682
0.1781517115597355
0.1601244234879241
0.16420915481144283
0.12150891267030695
0.12096935428336242
0.1389281916439789
0.13009496091857423
0.14794483719574147
0.1856748396055666
0.1889964060179923
0.1772534671851321
0.16816629612691963
0.14177109232452617
0.14921221175978686
0.11295252619829306
0.13301093088135746
0.1292701043010311
0.14279964974842269
0.1375273759615079
0.11624568105393433
0.11362442493745908
0.12156254955993079
0.10513374006249256
0.10849317071599159
0.10622713668767556
0.15847265280055584
0.14055776317368318
0.16553857041229017
0.17071128957826556
0.1623948808529449
0.16750952289538784
0.14596666296236538
0.1191383195236184
0.13373892007645333
0.16741344398984268
0.17192126884856593
0.19751544803056875
0.20612407322581436
0.14635821768905063
0.14847533897893614
0.13981625925423719
0.14106332643400307
0.09635388190390734
0.1124068875224478
0.13496029652698388
0.1202715812630045
0.13398197720169552
0.12720831709709202
0.11926119221905238
0.1249657840924394
0.12847951107671837
0.10501725509004176
0.09928347096954217
0.1405647974212212
0.1467769014291324
0.16473824509270826
0.1866964649346763
0.18681934749071485
0.17139202463839612
0.15957932107799355
0.145366684075004
0.16297599455048756
0.16667544414716617
0.197407623141343
0.19106864355530562
0.1776750424674406
0.15657650433346304
0.16848131593095
0.11475934310293888
0.09721133993788278
0.08515918679400279
0.10560770753025348
0.09715820438683315
0.12007180207592691
0.12214557646200633
0.12921040197803632
0.14295511033773906
0.11685756060162865
0.10081020687393248
0.1222595741052867
0.12471594741622186
0.13761949605362084
0.13993027442656894
0.16560527059284896
0.18104476213945497
0.18658736342434168
0.18634068887255778
0.15899184630755878
0.19444450737794772
0.16721039012762856
0.19521981054636073
0.2237455480021769
0.223294308427446
0.1962878208616019
0.16304779915965037
0.17704674851037344
0.13123240528887048
0.11881118389028944
0.10187666796120598
0.1239642865876047
0.13080877897254944
0.13038299933732425
0.11695662760258352
0.11141832698786498
0.11795758094214029
0.1295439385718403
0.11427242435741786
0.09927313784341721
0.10552861622201816
0.11361936202789359
0.12291061137813028
0.14886090757377687
0.1592498586955767
0.20280144495761568
0.17904852686694447
0.191151597920283
0.1861922295452073
0.19950553056358014
0.18835439276881702
0.19507880766260366
0.18249417978508942
0.16546478615257593
0.181576910990519
0.18493222249566552
0.13143374291222573
0.125368417025213
0.11253651296004089
0.1376203502482048
0.11505942262092907
0.12185444141940599
0.10884360878372452
0.13487491936388576
0.1449020758108099
0.1149155697936677
0.12885487333477677
0.0962334638121458
0.0881144756311247
0.09688507527093085
0.1372884815027999
0.17367576087507278
0.18398296625884605
0.16075055317951759
0.15104757868172103
0.16228693061037738
0.16750105941362567
0.16669475283928367
0.19811989273489597
0.18809469351038471
0.20776983104618899
0.19533664021848607
0.19148150828957278
0.16766711466813172
0.1482456860772383
0.11578189644073514
0.12304086479579492
0.13804654301279112
0.14090260910708566
0.11512214996782259
0.16880817641366372
0.16207974932531774
0.12797334507749342
0.12356971165362354
0.10381360190067916
0.10558195079349496
0.10810214200953452
0.09613910348175235
0.12877125960904562
0.14409793309016886
0.1749339636387722
0.1837661960701181
0.161692279555939
0.15347081918372593
0.1441593847086268
0.16891318582675408
0.2004979201455124
0.17501039717657177
0.21236354697931753
0.20732520934369478
0.19919290910057666
0.1588765226380864
0.14092150131944245
0.12143140040069249
0.1248076134562947
0.11410610343313317
0.12481139724025914
0.13729373180490928
0.12071933724226933
0.1610262547806353
0.12678950197413805
0.1305612293172991
0.11390874368439319
0.08933713324293012
0.10976737555693461
0.11541425886845846
0.12044199819952948
0.14876595064372716
0.13292593284789847
0.14800130137789
0.17400491087674147
0.17039394285030124
0.18593036302830265
0.19605971959742308
0.163353798517212
0.14900586906995333
0.20612159961190274
0.20638043605596415
0.17285180004997958
0.16569515791430028
0.1656511810372391
0.11836249618303617
0.11454372108904019
0.12476182449597034
0.1420008703854459
0.1085633957317413
0.12247231161072827
0.14128419320729335
0.10228120671673471
0.11922835870888464
0.12988804356602954
0.09982902792480572
0.12487247417659648
0.12041994346359237
0.1267430038264858
0.1541767365691789
0.11791179582094409
0.12385791120772974
0.1257756045059827
0.16535712953951684
0.1740158049739291
0.15761841700602142
0.17360457153707815
0.18084433786246767
0.18330951776912774
0.17612404437092355
0.15420466591426063
0.16246717731870752
0.14031164757441944
0.09830303965440954
0.11268722752979257
0.08833501108237157
0.1152968182221911
0.12385486358607606
0.1420485460692828
0.1499438105297075
0.12363384766629078
0.11876261237815085
0.12984345625653163
0.1310343748679498
0.10769486270068447
0.11952397997123217
0.1331401202694968
0.1393677164231945
0.12931266042052308
0.12844390498937716
0.17574397296036906
0.16107899401126244
0.18232088427499063
0.1684766721224905
0.15665379947386898
0.1793042529184006
0.21932441498409966
0.17242388759727525
0.13776404476176368
0.15403800489723174
0.1402379975360772
0.12673872157563984
0.11582311796300326
0.11396770736350137
0.11277052420199353
0.11492171853587664
0.12335561190412016
0.1552685080364314
0.14152496095514527
0.11400530103495922
0.11036474842552521
0.1020607976624246
0.10696546220605559
0.12102211089081508
0.12464360117638035
0.1662721073218089
0.1478048228620432
0.1612048114174089
0.20014746795146499
0.1704820647376474
0.15737681872175788
0.15413782068443813
0.15647488033084228
0.20623659525962357
0.17368534194396903
0.16180775954119395
0.1546803754873011
0.17460711063158077
0.12572431234390188
0.08519850834414566
0.11482993455650181
0.10924082310586009
0.11233366214620162
0.13169338979902254
0.1348049752781036
0.1466450212168742
0.14456497572781452
0.12229792768225375
0.1005457162992014
0.11270754475319245
0.11453654712569417
0.1028614221052504
0.13237127915215144
0.14995302547461486
0.136241047906606
0.16701365237231705
0.1550829698053591
0.1838693530831882
0.18069785076489794
0.19072312506274947
0.17473089570656347
0.20617821573894218
0.16444402812964523
0.14913007233372078
0.13830951386176035
0.13064982484002158
0.11805867416279715
0.08685888048602984
0.08304994936759197
0.1279953240430876
0.13766511792681277
0.13512388395149652
0.1100469187252361
0.15829203021808125
0.14042761424930947
0.11029725481184795
0.11719488534960289
0.12074005378152282
0.11791403419156649
0.11062343230849579
0.10921104892755863
0.16185616102459724
0.17100463169964972
0.17392789219293758
0.18920365733260433
0.164046991119833
0.1731580930120462
0.18526713579265675
0.16908724466096692
0.17388752186097134
0.1579757239238069
0.14395341136110978
0.12379696814444513
0.1304506342897854
0.10038317806668469
0.13516931929367798
0.11087107612446541
0.13703818477915186
0.14001182346331847
0.13714002893631233
0.1371721227896463
0.11822497931618285
0.16793853821871801
0.12145432037460316
0.11796027299866102
0.11456129255696322
0.13033217590381388
0.11127310752438783
0.12552703357676942
0.15441483105972936
0.1912250825172494
0.19428199010071634
0.1813965490663003
0.18086576557447834
0.14245585641664515
0.17202299275234903
0.1196329348689801
0.17370821930154218
0.13215396470785906
0.14472252448180212
0.10202852397949932
0.09923420789206136
0.08681261859190323
0.10408945001502556
0.11434990217150277
0.15371848131246293
0.1392597521757581
0.15020363459808955
0.1183217018758573
0.08717954632109846
0.11703247525775327
0.12013315893157475
0.11705395637531002
0.10345095894398723
0.08053104699660829
0.12523395115317193
0.11336715381459198
0.1405902102391922
0.17681352180734852
0.18958109152217473
0.1591839391162682
0.15444092213129706
0.16630770879576678
0.14054996940529216
0.1256324270999915
0.12491992423651564
0.1292388921110464
0.116415346943563
0.08652024983029208
0.08779811914061225
0.11219340341339594
0.12179388945336841
0.08417727058200888
0.13021289333605687
0.13675408587857132
0.10330696781353105
0.12194797534377377
0.1287318568196803
0.12901891657989256
0.11236181029249069
0.11258822536300084
0.08615606439863918
0.10582652460274852
0.08697741535868901
0.11953288343565656
0.12846362855630034
0.15260650001483964
0.16886501034785026
0.14170890945666975
0.15323015950407184
0.15377049384519068
0.1396139684340065
0.1365595581758737
0.12459591885970253
0.10447560412760994
0.08812814869969436
0.08278211886190953
0.0912264127690143
0.0960342488582041
0.11421622108730849
0.12810671891961434
0.12100812646122613
0.15118863064882798
0.13602218508497352
0.1357956875183854
0.1288510444033414
0.10836744269001568
0.10544828846225837
0.1291170785734815
0.0947937946974009
0.09180882135889487
0.09665488741122967
0.09972041869308072
0.10736998354743957
0.129208153156797
0.16110116489053913
0.12819763465409081
0.14111944389749245
0.15328356895873163
0.14542118379457128
0.10556347772193278
0.10964746665094226
0.07703181383982957
0.09217897155309711
0.0953200518650582
0.10106647613166073
0.1130515890262577
0.08096966257618289
0.11463587476318629
0.11668135648766716
0.13844234168549197
0.1286770772168831
0.1264460828927328
0.14857317464679173
0.12886535621730516
0.14464701860753681
0.12558753960887484
0.09087229182589654
0.09540532191198572
0.08303384007499759
0.09519757096627827
0.08844415839939068
0.11248090540854279
0.1186727478588127
0.12398848099703232
0.11748701502468561
0.10387696804545554
0.11659364747867428
0.10436482147485893
0.09111653670072335
0.08995806317841049
0.08767428002691723
0.08670453250240587
0.08833704412218947
0.07589026878885448
0.10102820623787503
0.09880008856201847
0.1132120230649918
0.13482485152698748
0.14399024908463476
0.12489604678118599
