2e-323
0.0035880532067259535
0.007158301059002168
0.010344160480413747
0.013506495652984875
0.016757516348086664
0.01956387224189414
0.02278751541914177
0.023856310089476425
0.02681119935705245
0.027951819580021686
0.0306362986805632
0.03234472436791388
0.0343926544301672
0.03422598391955446
0.035647930368750164
0.034831709046580714
0.03601788704203513
0.03572740574037343
0.034759068467008256
0.03879148845492918
0.043154563744041564
0.04378817375011449
0.04331586568314881
0.05124320762290582
0.05662226352255205
0.055128002749588054
0.0567756678973204
0.05763021864244728
0.05817639157034944
0.06263682293471726
0.05932036771303332
0.053900373414372836
0.05211146718804154
0.057229094556387944
0.05852797660166905
0.058718740724373567
0.057753250256372894
0.06300168118577988
0.06449393215623898
0.06794262426430789
0.06916563172918037
0.07297524036644813
0.0726259151473274
0.05863135853417596
0.0639240807944586
0.06835851328668359
0.0680414556453212
0.0699205707235433
0.07317703919860706
0.07402261587269723
0.07867369857334647
0.07127053736698125
0.08603318038048663
0.08665054712400495
0.07962668637490054
0.08747372528113105
0.07414108375710071
0.0770832607747068
0.08224738177149374
0.0755273981916351
0.06907194062346814
0.06164450337959339
0.08071708414840009
0.06945439475177151
0.08831795623486476
0.09569786008796045
0.09511476138474897
0.09502648350215703
0.09813269476814175
0.10114437595009038
0.09550873399030815
0.09543276846631825
0.07969873768178164
0.09953404806254718
0.07898014554212367
0.08715436762716142
0.10065231225453894
0.09212482732358578
0.09535916165180096
0.09801231353904646
0.10011829179703322
0.08843858530877599
0.09914121480627897
0.10561431948775551
0.10484241736097681
0.0977592822515594
0.09181097322464782
0.08318934621959667
0.08827039805921781
0.08249234991470727
0.10467428098242697
0.08670429737389107
0.1042565871315989
0.11207397283429985
0.11950759887835305
0.12428946954490223
0.12097771599921248
0.13178463622427292
0.13381648369715504
0.13210765560957874
0.1251561940709573
0.11215598617985721
0.11016842691922994
0.11347161300839935
0.08854986719182097
0.10085920306278148
0.11292100387386371
0.11203213971896464
0.10921547807007297
0.10495883982371194
0.10774904624923821
0.11787519571155598
0.12454992943516985
0.11894192953516222
0.10328938265132985
0.1143104261841656
0.08940165067471016
0.09956495908457665
0.10853265725156207
0.11835681822379367
0.1278470499693477
0.14504404000194063
0.1455581644664991
0.14488090063308948
0.15480426019720042
0.14838482853886317
0.14932723308276677
0.15615728989962688
0.15516224377895402
0.1324743324098774
0.128542592492118
0.10369246632806998
0.10421229236738924
0.11074151053065952
0.11306162633163497
0.14317383083807514
0.12059959529055089
0.12061795056764334
0.12176202516316739
0.13869311780559948
0.1356947037466555
0.13053532902313733
0.12415891578464389
0.1233813239754148
0.13358753151532743
0.13010617570465924
0.12372807494630977
0.13671710857157782
0.16177113636272542
0.17469934083767624
0.1692649109359368
0.1543312132263454
0.17853902514637301
0.16239552211494002
0.16792103362727734
0.17968228877722983
0.17104428773027217
0.16418939756583448
0.15519948470355355
0.12158026511751327
0.14041774479958072
0.12807974572973305
0.13237110844102631
0.14082260044914183
0.16246954862011023
0.12887576543145823
0.12979001736119525
0.14359082821832755
0.11465213641384459
0.12567554449477078
0.1442707586779746
0.11089359910877572
0.13232282879480817
0.1290220658337808
0.15208045596177072
0.16715992245406452
0.1861878188225952
0.1926961220692234
0.16064423228708657
0.17245043420402992
0.16868451043466867
0.1610122855557854
0.17036496421362435
0.18362786006896725
0.19558166242918015
0.19016209817593366
0.1659694408764606
0.14809548420345975
0.16250521062355355
0.12782307301682083
0.1407820192012499
0.14072521236590202
0.13301715693655686
0.14215121438671915
0.14330307199543774
0.13762083275112194
0.13100575194172437
0.13326760105748875
0.12349005103793066
0.12991763436714304
0.11775830599647985
0.14419358924752707
0.14964614811175786
0.1889242333788749
0.19539406912335738
0.17757093656044712
0.15410679429887836
0.1392311499539493
0.12126871673546553
0.130423768342491
0.1420926473245624
0.17872985953083276
0.19678593595261148
0.19691830594706994
0.16141566323484
0.1623302709308988
0.14817796373214256
0.13678604390346716
0.13720579370273175
0.15277776261801437
0.14481708254099324
0.1363392894695994
0.15268755581193014
0.13262882914021235
0.1532983865167301
0.15964341587714717
0.09995918455227977
0.12072285714385499
0.13491793814218686
0.15906653751139913
0.16591001498469712
0.19870004073871908
0.17770071503211884
0.19987700196019006
0.18212933922031158
0.12460899357554708
0.12013506720446004
0.14079940691690632
0.1484688648164261
0.16531227060781212
0.19049310447554213
0.1786402474882043
0.17429086751172754
0.17210663433691642
0.13553892664458872
0.15388040715647552
0.13969612050389155
0.149241325226877
0.11514571263850115
0.16214313044160825
0.13785674372924592
0.1279273314694698
0.16654591476590153
0.14867857075733032
0.12269893016127004
0.13932992788445925
0.14857187289456045
0.16210151526916863
0.16591700463200446
0.20823064936657057
0.1882797304605452
0.18420720443097666
0.1810490139740126
0.146023690599047
0.1308832200176982
0.15012385558549593
0.17185715960050565
0.1759103137634696
0.21093602825602636
0.18906348554644573
0.18243877783517545
0.18574106161904178
0.1531306483697022
0.16093056139312573
0.13991655393193814
0.1629555784495489
0.14400172908159184
0.14259334539081603
0.13920644444906974
0.13540988918881605
0.1577989833744653
0.1256620618928588
0.1444551198132667
0.15850258049460442
0.1326347512227242
0.16363275216266598
0.15690408349437204
0.19511638349678387
0.1983895781015692
0.1845006097657011
0.19313881736963134
0.16439733306583787
0.1635516286857158
0.18889817500411957
0.1678702828790614
0.18644656540770183
0.2130810900501533
0.22781664388542566
0.20023497262943774
0.18544290337732228
0.16036904818115075
0.16909020896980578
0.15178113198146326
0.1529001828103946
0.15585776752034475
0.15379405218157816
0.152695502963851
0.15015124096946852
0.15000786634833901
0.13959388336261275
0.1268600278214748
0.13745503917097587
0.13450789218108575
0.18897866916055467
0.16663374589580685
0.1734544363820237
0.1914399460039067
0.19136740520510204
0.19647287514489759
0.182461624991916
0.17304547550336954
0.18413961907367513
0.20629104256550104
0.20936101258300288
0.23569163379573238
0.2250440054248309
0.17325595991985804
0.1704084056748977
0.16212336054574117
0.16033823274935566
0.13638145362199794
0.14251883470101007
0.1437537092427795
0.14071234881520836
0.16607865160703375
0.14823550931819374
0.14879864141702176
0.12920529836876146
0.1466170847405751
0.12172943604718639
0.11555877866022009
0.1775674592314742
0.18124092223489424
0.18027264075246718
0.19867466035688308
0.20798138377960512
0.2016865460903883
0.2044140456928669
0.20049894984461428
0.21434791362881242
0.208113535215884
0.23167633079203653
0.22031540330938842
0.2031797119682344
0.1694925309162863
0.19499255201175514
0.1448575307962529
0.1419447973969922
0.13305230137986246
0.14698546984026784
0.1186464081351966
0.14625138838187968
0.13091062285054222
0.16274321194253194
0.15670002063118152
0.12550586504278832
0.12326569370191252
0.14642117829680484
0.15913576731378584
0.16075471143054218
0.1682328874850995
0.1700399803414351
0.20951145703664106
0.21147271125274486
0.2075170771294482
0.18255843210217748
0.2296282555233894
0.20884169057397445
0.21413910447280846
0.24870606941325793
0.2526512597607272
0.21989748404290146
0.1933348044779863
0.1998473368637923
0.1389644702281536
0.14409119707882176
0.13139435947631137
0.17107090953404144
0.15814563871999338
0.1337713853303439
0.15693354673227808
0.13530399351782488
0.14222221940720559
0.15187565343917517
0.14634206648816334
0.13193870815680223
0.1386949981270042
0.13834902640017013
0.1507601576981919
0.1575770648654975
0.16786952049764964
0.2095715310357567
0.1964365237804916
0.1890089267358328
0.21711210841581313
0.21788581640851198
0.2263222089470252
0.22222752176588886
0.19854963318098093
0.1816989617762626
0.1893287801898143
0.192552278367721
0.14625046004016737
0.1479626445689472
0.12927381606756586
0.1664875749013479
0.13866141448205593
0.14734806888072904
0.1580800290500434
0.15273523601212832
0.18154006406976947
0.1396544255334802
0.14601035625023792
0.12848993201718842
0.12083281611311088
0.1176224510748886
0.1657827073890774
0.182804530520086
0.19791271099236377
0.1658371242926189
0.15688017174615554
0.18795772300256053
0.21282613703142286
0.174564228638184
0.22840406930838394
0.20275401209583804
0.22073141909099356
0.20421879234463142
0.19558490938955383
0.17468968406043053
0.15362274390269598
0.13514520975665906
0.1539007524227209
0.16849311937903694
0.15808792461528626
0.12839471042151093
0.20304342131744887
0.18856100286876146
0.15200748203345743
0.12664778958481368
0.12811034367851853
0.13062190147837383
0.12970341009918326
0.12291062732543766
0.16213679358605798
0.1705269195133947
0.18369155429266226
0.19909638969232796
0.18996921260642594
0.1868646517108214
0.18757429401967585
0.21065054730704652
0.2400730493076842
0.18956141531010168
0.24041308047914764
0.2016449050618912
0.18096011288645214
0.18641510154868784
0.14818490608808726
0.1519248694925488
0.13883577451418047
0.14477796283790864
0.17062733775979322
0.15498976077679963
0.1363040450976058
0.1738854512655641
0.12356046869719385
0.13178280985641808
0.13458236280025632
0.1109225484480307
0.14831596591326113
0.14446002478915052
0.17377457548745556
0.16540306434731414
0.1516831032837192
0.18173071681430264
0.19383839261138727
0.17917773751484412
0.18317801840335815
0.23656475314573416
0.2016303770167156
0.17533745031357134
0.2085480909003328
0.20816564198026472
0.16931552760782148
0.17966916177392983
0.1651782958853302
0.15030950696898787
0.1489638633294954
0.14972960461909537
0.1608761114806827
0.14930372088688224
0.15583290576018416
0.16400188357983916
0.13515407591102468
0.14581526342442921
0.15449077867620178
0.14218356930259976
0.16770867498423583
0.13253690130335105
0.15575962260895776
0.16725397169498907
0.15196786072934987
0.17468783280933156
0.18052722800028834
0.1980721477879255
0.2146836615867675
0.20095487940835355
0.20592713818412992
0.2092732646663189
0.2067388961428367
0.1658688099202606
0.18278563360634587
0.17129946145046854
0.154452393415542
0.11531593103552241
0.1332965363386443
0.11335387866764199
0.1524329027602004
0.128624960023662
0.1612504725801076
0.16000554854957486
0.14143733152362953
0.1420168422983611
0.14994939675189115
0.17247593354544996
0.1423341780946345
0.1684658039528329
0.16809905653115684
0.1742920819399982
0.14750163535965657
0.17102360789230828
0.23402481429196884
0.2340380929508982
0.23667396162958268
0.22281285383625135
0.19512826704472766
0.1954180771565742
0.20908082974538134
0.18376505351001132
0.15234565749316054
0.17095844310763225
0.15529453363430115
0.13814223746831383
0.14054811842870177
0.14791753558660528
0.15619537535894945
0.1520758594103474
0.14543968751292363
0.16618388484780033
0.15804120982309666
0.1364089940950209
0.1321771033662021
0.1346518518489285
0.13491325218620273
0.1623308609847725
0.16458297154614382
0.18430141868395383
0.20232644607169575
0.2123210728191543
0.24545179360018857
0.22452447534604264
0.20681686754759349
0.18022330207778126
0.17514397965763506
0.20995517010016318
0.17508367722144688
0.17030045449516823
0.1704006250597217
0.18570883096848695
0.15172184237229924
0.11666789340810146
0.1504957017888155
0.13556776949759625
0.1562974613250824
0.14621142982533916
0.14684785535435999
0.16822003952909273
0.16389140597785967
0.1484966284729021
0.14130924900045877
0.14838271587708146
0.13974866031726396
0.13317269382438543
0.1497396283162607
0.1689413850651626
0.16540375866972012
0.21452906670224575
0.21123387931711018
0.23082228483293152
0.20643871626183405
0.19698556065810646
0.17881940300092475
0.1950003266292529
0.15427834914976646
0.14668847164915771
0.1450302115794412
0.1505990852328141
0.13397585089463232
0.11860955863437497
0.10727734256964097
0.15845841188990137
0.17336267990736237
0.1485828026592825
0.14605852289838825
0.16235215884119317
0.17115838588505575
0.12730509047099758
0.14933306762349027
0.16048446748740597
0.14586515869878894
0.12959557012813108
0.14639419410390492
0.18548387486483472
0.18646851862237326
0.21836478759761088
0.2064707957397064
0.19330207474651215
0.18222195881035128
0.18353660058665813
0.17044937748816627
0.19098485802649964
0.1641039260235917
0.14819928250319264
0.13067352289743417
0.1524679252576038
0.12143947739821508
0.14416866590310554
0.13628982129607337
0.14010437192751463
0.1483848751967192
0.1608636764506543
0.15286770098250077
0.15716522209410677
0.1640256769992254
0.14940106275812184
0.13896377508433053
0.1296656862062427
0.14938548985337044
0.139410694263354
0.1346113607412883
0.18753465521754223
0.21515326924643458
0.23538626569691992
0.21830159280640465
0.19808177645915856
0.161965839448793
0.1867674135530347
0.15414726861845493
0.18125537594484048
0.17292419794642058
0.16531514062004077
0.13596791385021983
0.1316735566831093
0.1078244434210952
0.14664888735914944
0.1539548759866613
0.16167689590113685
0.16024957506930104
0.16861612823150618
0.16688943055805255
0.11881077530861849
0.16023154413807453
0.14443970204829998
0.117551992371785
0.1294655838337183
0.10404575826778942
0.15245704955324485
0.12092342084200572
0.15805789499658165
0.20141994668785557
0.2231318119667535
0.1797161164917525
0.1755979767846296
0.17643155161318474
0.1636847499670549
0.15770059010679954
0.159667224225996
0.14360310000952356
0.15326911130548565
0.125157111547149
0.12143981357569587
0.13615955433069435
0.1324708898862392
0.1323827607542937
0.15299099992868173
0.14571203234888186
0.13567319404777525
0.1436562937595433
0.14691211171747326
0.16300396261317918
0.12503333454947904
0.126546309419474
0.10917283412437136
0.12917822089701506
0.12367080800495492
0.14483757330685806
0.1399708318794796
0.1620949841083383
0.1831245418851348
0.15774343837857702
0.1701810387250422
0.1737149870818719
0.16490139378420093
0.17206156757028226
0.15554754520118957
0.13893592575730293
0.1325598687290818
0.10774820139395272
0.13273127461389925
0.12033285089575013
0.12464695382517407
0.15705002443856983
0.1465368539547828
0.172250481720599
0.1517674725024749
0.15922467918669223
0.13724025049762845
0.14071374571330836
0.14328195109392408
0.14002253305502077
0.11775929979587696
0.10294338497055301
0.14393809150125955
0.13950840020131064
0.132020703700817
0.17819910380186954
0.20718147250287192
0.1849769846762591
0.1788656869289788
0.19805987503737674
0.1796451622059576
0.13822298424943433
0.14443295169127854
0.1194999851148093
0.10792537686176988
0.12037551443597914
0.12219018828229464
0.13495112838183976
0.11740263593581415
0.13887055079014252
0.1370573176263378
0.15061909428157835
0.13914045584160126
0.16562731669325287
0.1738495556874686
0.13402472890288095
0.16027349011578057
0.13637197405987125
0.11581899877067978
0.12115083521229411
0.11944227846895575
0.12097483713971795
0.10896086044324238
0.15011317331806082
0.14719736944643413
0.1539010802526669
0.16823584647384504
0.15925950919518636
0.15952225930916267
0.15166484342188166
0.14560293300140614
0.1288787009880844
0.10942692620140625
0.12294476195964436
0.11907083220140005
0.10507507712431643
0.12756334476094844
0.13078865510383142
0.13265462966493577
0.1711210389397022
0.14841397090294595
0.14599506310430288
