7.2688740132659215e-56
0.003691614094779799
0.007597864018132468
0.01114406386583843
0.014753604339690633
0.018707143616637622
0.021803865013857244
0.024256786869173028
0.027698387887736098
0.029552022270965497
0.032637024468997515
0.03393029560447258
0.03565759035763808
0.038073218388322054
0.04020690534000884
0.041569421611788504
0.04267753034134625
0.042994701287667615
0.045933462160106825
0.04463001545895484
0.04614388438916875
0.0495097595415224
0.05164567894180926
0.05704273114780726
0.06225112912270526
0.06614287804283542
0.0660141068759996
0.07501777964997335
0.07791781369836559
0.0785383694353879
0.07888769402936756
0.08085942115180424
0.06671583809125269
0.05983893804879401
0.0532110557281432
0.06336216545968891
0.08008442662614441
0.07270562411569183
0.0798141722899673
0.08408862638579007
0.08953929891242306
0.09379134526232258
0.0933622042542703
0.09177125937275904
0.08575637248385534
0.08355245200041356
0.07645172165336428
0.07567364168838775
0.07285434874502149
0.0783904108453591
0.08634144147562058
0.10564909399031497
0.11450095113993362
0.11360295534541291
0.1164502458868344
0.11560453336419373
0.12818284437267544
0.1269287933157662
0.12756097234462188
0.12330181463022037
0.10446951683998672
0.08532966168277949
0.0834900630505169
0.09453547533887807
0.10151024691503126
0.1247293545661035
0.12887118277216963
0.14347929966146378
0.15340642376546432
0.15464964556348892
0.15347631240903764
0.14624786890614788
0.13890582552534908
0.13778587651450974
0.13490857865619874
0.1158848419534528
0.114182445308788
0.11028796814877578
0.11384880041449778
0.1519632094411972
0.1568548871604115
0.15848476034740136
0.17627924663549208
0.17670639110607786
0.18175109425090852
0.17025539144580065
0.17882486302899117
0.18534042654670593
0.11655379359283735
0.13418265845984048
0.12789022868498598
0.16479700870755531
0.17522466766607933
0.18356909088831938
0.194269761112153
0.18246713353906394
0.20586811900170196
0.20852752101593972
0.224712628011426
0.21585601934805212
0.2111264326614833
0.2066244643316482
0.18835264579601674
0.16873170040532637
0.1422663666591498
0.11716084618686355
0.11952364435969423
0.1810479954185471
0.21476741831964538
0.18886589437811893
0.2163058153985446
0.19126139683658275
0.21685322141659374
0.20468733269765127
0.21917314362880105
0.20181149395999884
0.16324075608824465
0.15524468575006276
0.14670845323247295
0.19264473054140932
0.22324514818901184
0.25562367203049696
0.24443638573578882
0.24099163454214437
0.23515067065605677
0.247317169439118
0.2542289876385889
0.26495679686436896
0.2474711797157666
0.22335301922552284
0.2175488404076461
0.206628706970148
0.19345910868386748
0.1704510346564357
0.15540473946845065
0.1938418788143434
0.2361063661747318
0.24193133086942836
0.23111769756889294
0.21965090765964623
0.25971295606849004
0.26936112052803274
0.23754749630183056
0.27813779410727835
0.20019356889084466
0.22840605487441856
0.17729322076660936
0.2341141153839604
0.25055930182507846
0.27464881200273134
0.29343643754921495
0.2735693167617664
0.2935901428358722
0.2825784503349369
0.2903042108228336
0.29508528049935046
0.2747631038499293
0.28134950702934297
0.2766473724593832
0.24171311818631003
0.2327184716209339
0.19611005537942325
0.18820018906837518
0.24415848244171673
0.27022214424521435
0.2665758650575701
0.2991428288053086
0.2591743928035651
0.3061551880672093
0.2909807445651322
0.2616808224088065
0.2942373724675511
0.2214247626713805
0.25150355147927644
0.23570453450572162
0.25263243313354017
0.2856709619870819
0.2923610828409366
0.2951341272843519
0.3078486469196454
0.2850298522760587
0.24657660231421016
0.2918107377669157
0.2873386507703192
0.3020793776797283
0.3175146453555565
0.3146432756394867
0.29619872153447635
0.27917185315341275
0.22911819194863772
0.216137155655819
0.2626518946658868
0.3328494277894552
0.32196950530016083
0.3087433669776156
0.3282321186685086
0.31944967986100964
0.2972339276046624
0.27865130754111533
0.30839703519232287
0.25585163469169164
0.27110473012444347
0.2699363834502752
0.27665023419072543
0.31216054579601776
0.3359255865586268
0.30969319576518634
0.2904530138273016
0.23666401552851385
0.22768732379821188
0.2628155761526894
0.2679939303983692
0.2712799139712187
0.27569505880319195
0.293813212660694
0.29962572150976785
0.28134397989686777
0.2501792970802159
0.24462908012753418
0.3085977305183094
0.32255519492850626
0.33778249661174586
0.2831744556148081
0.3695555616969836
0.27358989396425604
0.3360171558008637
0.27997952480435695
0.30143173936276907
0.2571316909790376
0.26539476262319145
0.2872656712813519
0.28376963887174866
0.3077039648007015
0.31764068048148786
0.3022458013103687
0.2762655383981876
0.26825674393724935
0.22419002891758116
0.24016265791304597
0.19981259942503168
0.3290798874271182
0.3066962133659124
0.3305260994377971
0.3131887081501941
0.28524153395841984
0.244878712444806
0.27906393530565904
0.2771517043337744
0.3401433105679761
0.3929054384789239
0.33837331510100954
0.3282232448777175
0.33592948726940575
0.3321609118474593
0.3731420716059289
0.338112992529109
0.281289853152061
0.26307548862398566
0.31507743521513715
0.29583566863606475
0.33232523794722274
0.3407546320261949
0.2681559945186292
0.2908333707957787
0.23049275777544392
0.25530291386319565
0.22522555223738283
0.27929965589927275
0.3379550463572033
0.2943544553759006
0.3123757553438419
0.32098786630307946
0.2593187445288519
0.24803050838335391
0.28503952440519614
0.32656187582584173
0.3365154446821187
0.3408063602397365
0.36819747002330694
0.35030518523209075
0.3376451300731665
0.35587950924379497
0.3413104799441313
0.35609310543085887
0.29836369615758224
0.2766714370193495
0.3278287260713425
0.32830300576229077
0.3302843576687361
0.3370694077919482
0.3153665031503795
0.313199709548959
0.24634849667919034
0.23240562711762838
0.28210547864284274
0.28847221859969213
0.3043062795239234
0.305638045140529
0.28727141306208254
0.29196538687781476
0.29180753547052507
0.24934499687763623
0.2503202336882891
0.30563631273728376
0.35975167039608225
0.3560751578350755
0.3411288316810056
0.3227947971294287
0.35374668858355435
0.3095399759054807
0.35288533894310026
0.35465982444206573
0.32408700649927186
0.2786642452989806
0.26234479252801907
0.34451531069338015
0.3253636602065997
0.3103742939666191
0.33369404198545777
0.3647134972525469
0.3602693265382936
0.31080091831576107
0.29494863999762727
0.3445113495379086
0.34905350640012267
0.30941376412148364
0.34469053419608486
0.3182008674781014
0.299451634566799
0.257683392802018
0.27037499153597055
0.36455098776314177
0.29638832334519577
0.30876398914779296
0.3666597888360039
0.39804369692318375
0.37610133981616944
0.39358274028373114
0.30208769453612255
0.37997871379045767
0.2795178727440786
0.30626588438075486
0.25683725761065657
0.3154646076822256
0.34739012932783375
0.34854725554730265
0.3286264950383559
0.34054666637140646
0.3328607397585044
0.34626613417646035
0.29424251291523373
0.35121989985937024
0.35080314600079815
0.3356410466710394
0.3380716250130793
0.32403295310656804
0.2848164115717168
0.2748964128962047
0.24183702256517078
0.37295479818737304
0.43045859901433636
0.38255249041678163
0.39624192680928355
0.3571981913220688
0.38781750120530617
0.37804795367396254
0.34289245980221167
0.37748784686411735
0.31578973612228756
0.26186690703081317
0.3011619406914809
0.3407157056501178
0.3583892303113477
0.31243865501712315
0.3542665590092879
0.3279390615173087
0.32088678133388127
0.3301752172013772
0.2911728642709587
0.3527810348432871
0.37559724501828
0.35596972561716866
0.32588027781915957
0.35397660549564847
0.3038696730388722
0.3183692402207973
0.3005743021774699
0.3186466808796656
0.2881986974007686
0.3313647709188633
0.3898438478923218
0.38665276795774667
0.3784724058726237
0.3885346777255426
0.43820450457286314
0.39205073625888553
0.30121259575578213
0.29918138857065574
0.3154006998677766
0.32138626243704127
0.3180346805838051
0.3082653347633425
0.3093593106874259
0.34237361344153683
0.3343634539365035
0.31920354839218845
0.3536462326112692
0.36125470427198986
0.3742439611109961
0.3516972826390206
0.3862801696761454
0.3550659705083249
0.3182711422662392
0.32937768338958073
0.30057291610645287
0.3239823907182526
0.3695304453482489
0.3638646438384674
0.3524017742993352
0.3706176603970004
0.3466803534620835
0.41750768391723825
0.3313343171572466
0.4106669550221398
0.3293874916713748
0.3343834717677762
0.2776615638851334
0.33276835342090694
0.32266404067963456
0.29262714390320615
0.3562258338030375
0.31014840103705427
0.3094582377215714
0.3011203387629866
0.3356695627741954
0.35034441010366174
0.3370996694056839
0.3605716086272906
0.34198051933461904
0.35032020553191356
0.32929335032317336
0.31107627094388096
0.3128768828711954
0.26349989560667625
0.4041443705584949
0.3726871733112243
0.416089356402773
0.4603851220627014
0.3952753471339776
0.42395591743982164
0.34861046129763335
0.3225368461626563
0.32696441763592926
0.26435484730520475
0.28684902924047473
0.31261876755229273
0.37052703971659495
0.3332464622945379
0.3024847909918006
0.35659174801939164
0.30019952569736924
0.2897002529049144
0.3599511127061768
0.3287276496105516
0.3453047049646055
0.35755215785473005
0.35171864654190044
0.3352866270066087
0.2869684383322024
0.2797020460568557
0.37377374124676466
0.30909073247704527
0.4070549513499911
0.3479987413693882
0.3934570879376392
0.41060701634877034
0.41099362345748924
0.4137673133931114
0.3487536665547363
0.4030294512870389
0.32921275377828135
0.25619215989724753
0.2831416836543229
0.31305078253435714
0.31852377076461896
0.3384741181164173
0.29180554011629806
0.22972918469832723
0.22620323284850194
0.2214123348418078
0.2675568887431661
0.27685919503607054
0.3014227879709426
0.3240376014201705
0.36368035708304686
0.3487181579838674
0.3195423800818025
0.3410921281929306
0.36121677112507167
0.36963461748951615
0.37123840214425285
0.4220035057080226
0.39299344473720954
0.4013367501138395
0.415945663677228
0.4041669822516077
0.3711059197219561
0.37820126164046913
0.3741404770219511
0.35127586489550766
0.29850067688232795
0.34634815049985207
0.39820012004038613
0.3160991840526186
0.2932743123633997
0.2752804844776236
0.21778607540417094
0.2561078096479847
0.2693069227852248
0.30507352944302
0.33329252191173525
0.3301695744757299
0.4044206703206128
0.3219658798185376
0.3300527568474841
0.35913692764814625
0.30603789651768154
0.3914301007413568
0.3926658949547418
0.3683458289256173
0.35281646760690977
0.3674881569404817
0.34225533464881763
0.4264120135959443
0.4275979939662055
0.3973318222126495
0.366015779808315
0.3456325921142238
0.34105755354372164
0.34665955828085443
0.337998288475351
0.3139306040330798
0.3409085707837465
0.28430336313799776
0.2801957210572709
0.24116228867003695
0.27587019732062623
0.2799033769014317
0.32144860650130364
0.334897563562551
0.35440386826581455
0.35577824022895416
0.34210371887990637
0.3439953564956592
0.3195314728398431
0.37593834153212363
0.3475027918550707
0.4106508904373145
0.4355894654255897
0.3733032540451323
0.3875080395489372
0.38437806929584895
0.3177546163452144
0.4084210451223563
0.2729415679341171
0.3228404698361398
0.3126300839618002
0.3432764295149367
0.4144884185378243
0.3453209597700925
0.3300269505371708
0.3034790878265252
0.30566842238259295
0.29612414842697177
0.3002713429219604
0.27048817708488143
0.32532466589369896
0.3423695571996034
0.3029023216565042
0.33026582581158437
0.37394359174682196
0.2808951410531972
0.322231146385945
0.36938837531307683
0.32972956568848316
0.3799070663723114
0.40996731045929324
0.38237046715994655
0.3903483982169317
0.40909264668467166
0.34231003776774166
0.3761760714660391
0.322479112184028
0.3064391267777
0.31283342461478353
0.3735101631673674
0.305026405146539
0.33554152232877216
0.3690172572414189
0.3673433173722859
0.3345260100007079
0.3118932366979313
0.27546650434003517
0.29226450637392914
0.3155924372020123
0.337404163063218
0.35983131982250305
0.4050631155390475
0.3573148362046799
0.3107565818829286
0.23352222724093488
0.41755010417045935
0.3619550250899764
0.3779191050112497
0.4143966150892876
0.41521296447512507
0.4286209610533136
0.443041816031431
0.39983362938995437
0.401384034971141
0.2434662779136759
0.25330124756867406
0.2842692249973826
0.3466551050179244
0.40567595707567794
0.36661843681726947
0.36219346972290445
0.3570877890980939
0.3460312115115293
0.3068429544819272
0.31715115466656507
0.3332453170397419
0.4215729622544628
0.3570282153522506
0.3863777816594503
0.32211661456917595
0.2521104732373053
0.31162201026970154
0.27022642924288576
0.3275305887043727
0.3842985741906516
0.4084955826135327
0.42080417724437097
0.4043362486649207
0.31023970912655535
0.4209156759589613
0.37441999927430497
0.3116146673840651
0.2805955586606157
0.2045444066505699
0.217537135760184
0.30033524296451314
0.36229468790868247
0.3888674852514559
0.326240718515849
0.3511056278689312
0.39646656767859095
0.3439770686588554
0.362018355460957
0.4096071451755663
0.3431446094940331
0.3859019489455027
0.35169217032063205
0.3197939765623459
0.3027893836302067
0.26161113641954714
0.2626543546048025
0.2987792039357521
0.43059790153774635
0.435417552698451
0.4182782339535918
0.3615946768477965
0.40791544408356156
0.35146343673257113
0.42642081090955497
0.33616491448342734
0.23535460446735476
0.21146676867913777
0.21781803344022954
0.2752058364405822
0.2740479127890998
0.3819387808619548
0.352085999332312
0.3917372637061719
0.358695474582577
0.3779316446980179
0.3536514635511206
0.3859238713822712
0.4065093388132435
0.312831031738258
0.306622462744419
0.28326334239950596
0.2164932468122935
0.24201574575830256
0.27335423930629515
0.28888122899249014
0.3561417085229148
0.36057971087534746
0.4000652139424038
0.3627489409375117
0.4428721283096619
0.40976557114290485
0.3178737596143858
0.3804239950817093
0.3043798506856504
0.24399663092732474
0.26282843166499154
0.21910322778452818
0.2336995947304419
0.22030816213384868
0.3555734795871001
0.3585411951674664
0.3527436466336777
0.36351949552462715
0.2806382828416508
0.2931688955801916
0.2903069240702907
0.27415216338717213
0.29024091862107576
0.2547503485045864
0.21944960300709196
0.20921969523510692
0.21454599313883602
0.34683665864496915
0.37477819000132184
0.38902691674496137
0.4261132524629956
0.3910784897762075
0.3979093066687275
0.42530379396895457
0.3810365793175061
0.35647718164774633
0.2747327245711123
0.25792254439732143
0.2045707589683046
0.18085781655699407
0.22275517511369866
0.2399003581614349
0.19628019975469305
0.279591048205629
0.3027159919362344
0.30958404124654176
0.2609404224032488
0.22887262046786022
0.2722354450383541
0.24885733571575605
0.24379559013916832
0.19797861683146972
0.2337474803721723
0.21385563419848083
0.17057345356435688
0.3003650929400294
0.3113205189530769
0.3650154785326814
0.40555444893665854
0.4193369936820246
0.4214694100269495
0.3996532816123838
0.38426121080816716
0.4146627363301393
0.2549980888804447
0.25362715923948453
0.19594660460259208
0.143702322463432
0.1476302916444636
0.1952123594553281
0.16645281876508378
0.22183875306365883
0.2017352939485287
0.2651547810773803
0.21632179249614303
0.19366454472992212
0.19795596496209292
0.16932717508535672
0.1530490245426383
0.1600250190818275
0.1496311034280497
0.144873700548258
0.18215050519318068
0.3813595660109171
0.34911378668812165
0.44237378506557096
0.47164139503298697
0.36140960538764
