8.993679337824353e-51
0.0037821666582440946
0.007642231324131298
0.011118628573022416
0.014494200837457227
0.01853966707714226
0.02175711228740681
0.023948830614429765
0.02653919909514206
0.028959535026460217
0.03231912570654663
0.03407027805157665
0.03656818549793531
0.03844046734427578
0.041077401093303025
0.042076829318467145
0.043478743940951296
0.042880895252624875
0.04492240133686873
0.04568644514553026
0.04795955864952176
0.05113300973755362
0.05243967254214335
0.0595230110482513
0.0614405718115955
0.06594172817704233
0.06760368229156444
0.0745747611992512
0.07772000850128857
0.07797293771123157
0.07917584900886522
0.08186297239942
0.07070977038181762
0.0681058340976484
0.0656363605876163
0.07565089148310442
0.08548146292267311
0.07980415239092457
0.08378734642671198
0.08703377796333116
0.09484128524180936
0.09761116082379451
0.10118384349048895
0.09670843935567776
0.09105689686015489
0.09284009296216666
0.08116323905322548
0.08587792410621671
0.08453048299877695
0.09031554034691797
0.09478215172648795
0.1095930181500084
0.12006476217737144
0.12219013203638622
0.12217321026823412
0.12705127788238005
0.12972419434326493
0.12884988242051493
0.13360693046736766
0.12747869184441335
0.11640146950671647
0.10485787041479547
0.09532721223514093
0.10335978741877323
0.11043159916045381
0.12187169904646537
0.13199872142632416
0.13809396797995066
0.14667929753251652
0.148716157879192
0.15495406881036417
0.15350258447293022
0.13975656014207405
0.1443101209909072
0.13501870556683634
0.13243436658999252
0.1325448824863502
0.1328963084767274
0.1310314038204339
0.1493465019865283
0.15973352798839796
0.1600734476050442
0.18307315770090776
0.1813811342587974
0.1812099200449171
0.16141993936749707
0.16820309019520036
0.17136540250217924
0.12525378502856144
0.1411584154647243
0.13708839904139716
0.16327673919364974
0.16901196772690774
0.1830240741209638
0.19332237774705816
0.18726641563787572
0.20241887552990806
0.20770833149020435
0.21898453032703674
0.21555937442498752
0.20860925842635453
0.20531823561233437
0.18988239287056938
0.18997029999687767
0.15489691109812165
0.13828931114441723
0.14284924994039097
0.194416521225232
0.2176053079715323
0.2104148411949029
0.20275797598760878
0.19839862135393976
0.218472150633594
0.21413672123394492
0.20268648314728754
0.19507463123094
0.17187600409786566
0.17113637716486135
0.17878509157993147
0.21428226133142414
0.22746760080854062
0.24981809870505223
0.2413118369974937
0.23125448270233154
0.23280858010673264
0.24107036833827641
0.2528184342961179
0.2599378250721361
0.2507373904133512
0.22486754461047354
0.24054095981556284
0.23150953279995928
0.21680544762550494
0.19507571325211506
0.18609003244714456
0.20866830886527582
0.2419752173838874
0.24481144143870442
0.2227181769102621
0.22994362504409913
0.24738619719932156
0.25521251962670044
0.23971499649197248
0.2540115936924779
0.2021319509548834
0.22458990399683354
0.22389423239066983
0.24516457154696697
0.26398151267714887
0.26410701610709264
0.29248389144236325
0.28010282227240146
0.2901020981377148
0.28369038507312905
0.304629247389593
0.2913587337502252
0.28392472531074087
0.2836206969352039
0.2947677916319251
0.2612768824700484
0.2475796224843026
0.25437463640943897
0.21425029938060358
0.23594335074686354
0.2503692672273255
0.2541635306986534
0.28484027214418584
0.2537115273119592
0.31057640217652766
0.2823600442137283
0.2861510481358861
0.29073284667254956
0.2469790820541343
0.27463562655523144
0.24083770512755628
0.2876397299606155
0.2903121211838951
0.31000578556266184
0.3151934252843687
0.3137639720338496
0.3064286665527765
0.271994858739888
0.28906136258355314
0.3027066914256441
0.31704474905548924
0.30907019171422473
0.323597605242627
0.3072173414718877
0.2997021359753424
0.28038689489541085
0.24916703303824148
0.2854941233516704
0.3022842288960529
0.2943415684231892
0.3044671794803146
0.31292412559312416
0.3063286013142911
0.2884166232685752
0.2811219445474785
0.29281396898322926
0.282430701398113
0.27684983966933735
0.30182799554050393
0.32063372360608366
0.3192123328480004
0.36309983574518084
0.3155441799396196
0.3100907189826673
0.29605863487159456
0.28956559911377056
0.2973228481222548
0.2953690666099922
0.3005443519769472
0.28825275251996524
0.3386548323685163
0.3214030934984451
0.3301755731895748
0.2905550964195812
0.283287743954622
0.3016138957951377
0.27767394976075066
0.3404819506181316
0.29035717753487633
0.36203651775439805
0.25233811752391766
0.3267649358411291
0.3121073612275457
0.3141401944825266
0.28303848753290894
0.30539821624968755
0.3267748540071248
0.33552809003637546
0.3517013929410952
0.3454804290596536
0.32642114534208755
0.31422739664988536
0.3182146219937948
0.31033458389890745
0.30691125635806954
0.27675422512621173
0.32884665948708713
0.3318044175327774
0.3419218289834605
0.3361901324660121
0.3213700602579452
0.29554952857753036
0.29278938084356915
0.30157169929322
0.3249589046856722
0.41320535366375255
0.32631308510316026
0.3526275230822873
0.32733139690893603
0.31399400121360904
0.30616706798209936
0.3425452913383973
0.31409157546125954
0.3037345048446138
0.3699166504146426
0.3559628601895725
0.38049279722435003
0.3694549229366544
0.3363094926483621
0.3390918497504877
0.2868222396377416
0.2965411870636491
0.2848993962270964
0.34538254542917224
0.3591540427121156
0.33768569206698057
0.3313138156857598
0.359535298995997
0.3090630555441746
0.29410193918772676
0.27931298790402653
0.3428796032877743
0.3014889637229085
0.3371276094237452
0.35701982932593934
0.33094884086138887
0.32198031718661874
0.37720124676223504
0.31311494013621194
0.33644125422545845
0.356122960088345
0.34242621559681075
0.3563919341411068
0.3690729671600556
0.3724843701636673
0.38680501441546117
0.3404746729132538
0.36734232145881657
0.3015437603558401
0.2604837084047327
0.30552353570152246
0.3181811271752144
0.3460378327454546
0.33927638208974337
0.33493227190353086
0.35262203078745574
0.31332638487228026
0.2948829485783177
0.30472750028338486
0.3063937055528174
0.3686571775820264
0.3378393522658468
0.3132852823938485
0.3048362962385119
0.3545987719313046
0.2914763116751449
0.3577937424971732
0.2773541945329482
0.3349751381178613
0.33081914179065225
0.3409017214086862
0.39754114636667676
0.3859055882161407
0.36209787715821534
0.3589419304382886
0.40915404562749585
0.3498460731296147
0.35054118661914496
0.3204445745656051
0.37397438003089756
0.3646304980493497
0.3624630476914875
0.37426324832407953
0.36981479309528487
0.36120593476534296
0.32476715402116463
0.2781218698872635
0.363587721614309
0.3093106998703972
0.31543316755936907
0.3441136320328294
0.3633334030757801
0.3341191205048985
0.3712151609411306
0.3452443726329216
0.36767260351624614
0.32593400919534415
0.34744898066402236
0.3842986209193654
0.3861667189835653
0.41485574784328944
0.3892600227924746
0.3746844123285814
0.3869298837009579
0.40392680444571716
0.37050796693568894
0.3501267956981208
0.3836318867572886
0.3918205421716944
0.36525317476114555
0.37084626269088206
0.3635554750352451
0.34228339797897006
0.3475903312442403
0.26491427066689927
0.32715169873785727
0.38497127114458257
0.37240077795752374
0.3511217695207643
0.3679426063809239
0.3401219492036219
0.3499359448050161
0.3673805805551787
0.36672354761383213
0.34079069460193284
0.34656322266476636
0.40136430422729463
0.39629174683374
0.42410660782909226
0.40420915148524605
0.38431960101574864
0.37118121688113154
0.36338858799708834
0.36634608903106597
0.34389821823343447
0.4039009811042227
0.4376412074855331
0.4009688005150711
0.38221428815284475
0.4102611761000129
0.3544750868423414
0.3386316961399063
0.35296044725933656
0.3501293965218117
0.32845491974386043
0.3279349423799065
0.3733043589228344
0.3899151411313479
0.35557947389464883
0.3717674653229159
0.39289105781558015
0.33777954282131223
0.32356061999337976
0.37141685380216
0.3401788814980778
0.369814265695484
0.39902499913199596
0.3720363411446478
0.4013508097522821
0.39595218593096543
0.3739034897421434
0.34411857686535197
0.35775778228467336
0.37553940595312313
0.42401325839102294
0.3883597896481938
0.4235437353691678
0.4163155168059472
0.33603031832483343
0.37186262091569805
0.30819547708225326
0.33168880205237683
0.3325175200528
0.38311596885590044
0.3565158272978119
0.3613037024115651
0.3639147248009492
0.42347743143863315
0.3639327645585116
0.3891911305397477
0.34690033089344585
0.38020630851674847
0.3590000148153834
0.4066371023778906
0.3765091774859668
0.3668099082358774
0.42309911446492554
0.38363838976593556
0.38889437442505664
0.35946110325892355
0.37773228647699425
0.3811834693062169
0.3853030526638903
0.41342787403751813
0.3819338334021915
0.4203708927893507
0.358431740591923
0.355208383645074
0.35603167810577957
0.30267847384672547
0.38230568736404913
0.35681326449420503
0.36658473074703873
0.41989954213674047
0.3703236114177217
0.41377238437912645
0.3483594166213106
0.36758099800726396
0.3425873627400621
0.2953269260096738
0.3762169775928763
0.4180096257472011
0.44711225950505806
0.44298184579170785
0.3817140283878935
0.40315279853383706
0.40928391486084953
0.35461291691141467
0.4284633021172634
0.389694193075277
0.4092504816352067
0.43411113487858566
0.43609255380717094
0.3854670715648686
0.3562838518319124
0.33246481905040426
0.415770556464915
0.32317306738618323
0.38606616533872423
0.36613948987037553
0.3697944560386217
0.3928613793184397
0.375969000079738
0.38874251260461606
0.37762058818055405
0.37485482463536
0.3333325386732434
0.2941694338861302
0.3616683123288585
0.39617000434072774
0.39761100396570215
0.4012890230417944
0.3658187421719143
0.3536866336891147
0.32210203093122
0.32096320123901584
0.3472744785503269
0.3791378617809085
0.40078959756020144
0.37154864344073385
0.4078127200777359
0.4025194400244919
0.4241097381362917
0.39902915793751004
0.40739922017106817
0.36252012317252014
0.3546431637809135
0.38397760740321873
0.3898259159403782
0.3774893328214423
0.41006234244019085
0.42110052851766666
0.42404820622013395
0.3711424854086884
0.4031056060790534
0.4040518458409157
0.3644745418078674
0.39135419245854036
0.41742415286482415
0.4224382767852449
0.3556407159260958
0.3367910383092539
0.30247605062583044
0.31133360772757546
0.34067162660656264
0.3898629688128327
0.41733961349110316
0.3819097440239264
0.431702908808764
0.3717725404545888
0.4125965929958345
0.4148871556064995
0.3370010144941854
0.3748387030458108
0.3800751435096963
0.3446117269366994
0.39261576815630883
0.3983453553956464
0.3590622917274309
0.39003728736068416
0.372665829854759
0.36492340881870855
0.36798027496586755
0.3814121641550539
0.38640754257328747
0.40077680644997876
0.3864107360834629
0.3743183866631792
0.41847818223956584
0.37183344058915924
0.34800717131556164
0.32949872269558944
0.3819428818131026
0.37421629791254046
0.383730732744964
0.3677753077305628
0.4069118335861558
0.42608317482262786
0.416365610274095
0.38259368171601316
0.3874573299215264
0.38593288548451665
0.3643191194366116
0.4154846868431301
0.3788176749533869
0.3630245862002101
0.4005531159650739
0.34239248695771934
0.3622907556629562
0.38651042934880564
0.29025905860807155
0.3760931166747197
0.40909057416708167
0.40781937532753954
0.46993784680589956
0.4291226031573023
0.3811989914824089
0.3953335531051999
0.346001488418028
0.3524788499649054
0.33851345474650624
0.3381573371417169
0.38145628810285587
0.4041331181299242
0.3757093662045631
0.41954075549643993
0.424048792435954
0.39021126459065475
0.3526557252363973
0.41876020867624825
0.37139914571185967
0.35456308785403884
0.4127070675799143
0.40233899684018676
0.35293399883020876
0.3839184732095512
0.3413806870688021
0.3699636658755015
0.31617056236314417
0.35983084538411103
0.41231114829327314
0.46648752355635603
0.4124844180461532
0.41143724045062463
0.38937131207896103
0.3772814527693421
0.3883753611525299
0.35821307956974774
0.3119179930147687
0.39024409885351313
0.3790463081929523
0.4039510890375006
0.37154012774795864
0.42406699527160496
0.4248800915362316
0.39546217879868567
0.3300006933388881
0.4022522636261873
0.34314343513834106
0.363239849138967
0.3857472206421495
0.38868850989592485
0.4233707323285269
0.39005072414416125
0.4184007952645464
0.383901987187317
0.3115217430036356
0.37156784841342033
0.3823794775982104
0.41718198921060506
0.433286810287967
0.4040112444921725
0.39009769189117394
0.41217162467761637
0.3577014931943259
0.3221798019264437
0.38406950174436
0.3933155372774163
0.46274878236834166
0.43127063779633157
0.4203806227300511
0.3952039528805
0.34450386489402585
0.3777523085180124
0.3752989953492679
0.33500959289583837
0.3627836217097083
0.4263990113763116
0.4336859798982208
0.42976840184566417
0.34113402174822627
0.43912732901200335
0.3335470680347362
0.3126022093623905
0.36701123699552124
0.3517286553335281
0.3072955955403158
0.39354120639309587
0.43179693402432173
0.44038596570776295
0.38148431996305576
0.3808353555038159
0.42552919995540667
0.43210242653899716
0.4538250854168837
0.4612702992898362
0.43223504963375464
0.45171277378999564
0.3892375309433843
0.33100505363441196
0.34633517134235065
0.30788031927391263
0.3524480795589378
0.3633876158088383
0.4394282829160225
0.4224064269099064
0.40490679081528935
0.3351880442198182
0.3594636354512485
0.35468046948630577
0.4103726681820654
0.3198916432815952
0.3522990391742837
0.32925048396975687
0.29548396205041105
0.3769920667088316
0.35469288287956086
0.46393067275960975
0.42744362547970044
0.4216249003578337
0.4157531447379593
0.43576922756459124
0.40728877516428996
0.46856615577964
0.41749835810898
0.4156569814916899
0.4151699074163212
0.32863930111113443
0.3073107913841074
0.3407550481599328
0.3051225218916097
0.33152544320283317
0.3867523132644936
0.3281269745057039
0.3462119566023881
0.3820421522111085
0.44691062922597474
0.41467029076508616
0.30636836018602753
0.3174603207129189
0.36931164513944253
0.3364163452093749
0.36612749909777387
0.29808506023393694
0.3076491665326538
0.305234835834939
0.41499558613439175
0.40804634505536985
0.39386840720052574
0.41993031354667626
0.362557062331593
0.38631851959881935
0.38487270299336707
0.3743099666756774
0.3253416852011339
0.3432555036504326
0.35053055070637607
0.30292120928706423
0.2658897327578658
0.40929206171313176
0.3828462895883216
0.3191818822928274
0.43371462907966807
0.3420105406027681
0.40145108805776525
0.37557309723608734
0.34831720038643565
0.37706989237839217
0.34846098955604204
0.3527926352947503
0.2723657517182524
0.24073641632877568
0.28038555676808846
0.313220526469771
0.30627781735483556
0.34920841889187193
0.34448759415084396
0.41252881210114717
0.3856182485524028
0.3585837092499595
0.3959799753679828
0.3433667860061663
0.3704136649709961
0.3491471188504558
0.327178299449578
0.3009502346879094
0.23319216651197922
0.3386077147438848
0.3325443277741372
0.36761813128458964
0.3762936258464449
0.40051798035906944
0.3566121011427274
0.35327756672986643
0.37843896499370194
0.36657941201256367
0.3418260677621717
0.3240827327335816
0.28835249043847205
0.23391321685797478
0.2282387088568093
0.33231720987697333
0.2774014158676555
0.3010055232220788
0.31916824284152495
0.3597540720237632
0.3293548666526055
0.2791068824921474
0.3545807885650275
0.27909220051596445
0.2786506713912102
0.2809027250145144
0.2779231009610168
0.22584179178759167
0.260849606150856
0.37281231393978315
0.3470770761325394
0.39218711157302394
0.41556232508789914
0.350530364504568
