4.1354359792329823e-47
0.0038471838931452085
0.007597993796462746
0.011391087403687725
0.014865538532854211
0.01881634253231537
0.021804956109695607
0.02457327756422785
0.026356313364714584
0.028915831246481706
0.03170720491950079
0.03384079822870657
0.03647765814579903
0.03891973574531735
0.041588140894362545
0.04344221489091828
0.04456886357658701
0.04535876305758811
0.047423167889791326
0.050087163727715774
0.05061930946615917
0.053856627577582715
0.05776868103694162
0.06351524613184577
0.0622664380062633
0.06731852600597318
0.07310900057475886
0.0737493561157966
0.07943313885744936
0.0807177115266583
0.08311611107042594
0.0816405345858807
0.07470104698930542
0.0784657570116036
0.07916153047678538
0.08414815882386392
0.08639738491914677
0.09068420306194869
0.08820882488235739
0.08869065098545989
0.10051765801145729
0.10168606405607908
0.10777945941211878
0.10096977003506027
0.09871721282065872
0.10420247275674664
0.09177344458817026
0.10163198071405129
0.09648095747187815
0.10328284871177523
0.10938042701281979
0.11532229880648054
0.11922561142975426
0.13554782543184465
0.12823053490674188
0.13793877122945397
0.13767132330672602
0.12991985003396525
0.14439210281085357
0.13924571572427125
0.12749663454155397
0.11718381082997664
0.11039772443733721
0.12125268168483846
0.125438134681574
0.12493801830030508
0.13250708953259802
0.13701666632496173
0.14728042738702304
0.14418802854680457
0.1551177245203397
0.1581993591917676
0.1454773169539241
0.15775217993049342
0.138654589132371
0.14824869900209184
0.15043941027975052
0.14689127619907957
0.14925216042297498
0.14170995835613884
0.17284504176621635
0.16547405249374775
0.18295357381543362
0.18105141310434622
0.1796842850652566
0.16550045598270607
0.17531142821448267
0.1656615370796642
0.14764794566842127
0.15174308658318483
0.1551378691817731
0.1578062289435035
0.165512759732262
0.17857872282193643
0.18713895495768365
0.18853949054970698
0.19951010732987792
0.1978246038438703
0.2110602515915596
0.2118892981858566
0.20814576323319603
0.205909182950995
0.1876167055210931
0.205504631485847
0.17467490087317913
0.18018734916683965
0.16648607870512833
0.18855175763032753
0.19608407603752617
0.22846186684143532
0.18863531329343153
0.21244752270642536
0.21152912480040828
0.22746409047897756
0.19779159749693098
0.18801377478528766
0.1705503508850049
0.19243685659510174
0.20526818095100205
0.2212037076917241
0.2190851949657603
0.22927943041161547
0.22323789383638148
0.21684772923277104
0.241840516162076
0.23565460131530172
0.2493671743831063
0.24935601496843887
0.2407071259726535
0.2366651297340821
0.2512062656141321
0.24307919459431362
0.23652094521054398
0.21901450952754575
0.20790963144407737
0.21807310068192096
0.23855597909345047
0.22975737402303847
0.22568605324525629
0.23630534227036842
0.2189828061169398
0.2268084739407658
0.23919296113586158
0.24151725510243605
0.21180215905980987
0.22431930727037053
0.2567125983034655
0.24660000112303765
0.2568028916002742
0.2396699029866735
0.26953232526281146
0.28642953272554744
0.2917817386813717
0.2970548063249364
0.3142145781322567
0.3038290377159783
0.30190667566216844
0.2905223264623545
0.28919146472261364
0.28904369535110375
0.2665638757118215
0.276348643025727
0.2405200256061227
0.2300272934300957
0.22769778998615808
0.263292059110253
0.2647056703054396
0.26191481489989243
0.2829334437604567
0.2599762433741928
0.288759891774846
0.2578979141187647
0.2864994266021527
0.25776104268238914
0.2683676462623693
0.3000337045884706
0.2915682715082018
0.3163088683235275
0.32891324182419746
0.3019008418334611
0.3229195578869668
0.29537254674756663
0.2913750399428737
0.2915728680861355
0.32467691405338944
0.2835236870142158
0.29797272375419975
0.30482250624438767
0.30027978322809074
0.2920154910372542
0.2762113317754467
0.28369109489566585
0.2884256748185346
0.27149663929655965
0.28982332769920177
0.29851578882191854
0.28442193581200204
0.2754564887884868
0.291066040726567
0.2817685885774765
0.2963893861984106
0.26639358943970504
0.3145704202257367
0.3462056529708191
0.32333978308384465
0.37713196043251873
0.31137829636086267
0.3038994067498052
0.33793600479785607
0.3349753388071626
0.3284066048827516
0.3004562884233573
0.33967173256876787
0.29023330024309757
0.33628400052098895
0.3398164550851232
0.35466256499401916
0.29917754522535045
0.292293936626019
0.3032567287051427
0.2537413677726313
0.30619251007750237
0.3031394212360847
0.3351159442144458
0.28140177013347834
0.27561852106130674
0.29863798116629275
0.3156219309172983
0.29889280826683345
0.32281925861425376
0.3396613888051353
0.3586416314631625
0.3680391618495905
0.37601159014420427
0.3322718224711618
0.3367543740455197
0.34003910250563335
0.3628767819161092
0.3620113269686512
0.3386493392520836
0.34158961350042666
0.3655289804630834
0.3311086943518314
0.3390485113047712
0.34784675107266866
0.3241548231709658
0.2849972897950755
0.27646777748328233
0.2837329766318124
0.38554365184785183
0.3077729975607075
0.34477990896555066
0.3094536884339698
0.2939351872094009
0.2558438355759137
0.302320296629765
0.3236805547254151
0.3233984580169468
0.37631805144841735
0.38454515187887034
0.3958118960324364
0.3786853214505547
0.3682258343362438
0.3555598820643007
0.2898650526173452
0.3240098148040508
0.331781897048865
0.3791127355673833
0.34392256085950706
0.3616552933371611
0.32705376248331924
0.3732317666902456
0.3383982560271905
0.32159098997170205
0.24518570837511153
0.35026279400071914
0.2694710059633086
0.3471064637641552
0.34110132777218666
0.3107258836854178
0.29515351146013036
0.35218894049701704
0.26690768745878657
0.3010896170749333
0.3925082381691512
0.35086647363193824
0.34046567984781967
0.3771258062238254
0.39950058020761475
0.41332431491845006
0.3656923918823784
0.39043918675110106
0.35893855796854446
0.30158492987154917
0.34353665694808144
0.35705141316680783
0.36895928679348144
0.37026926411429784
0.3319050962157923
0.3921079860347107
0.32997392058420527
0.3274422480572237
0.32366027700724304
0.31274597718422653
0.3433727813392444
0.3036508352989599
0.3048068673988871
0.2801103746047066
0.372876202269437
0.26800766011494387
0.3625651484464372
0.21035936282330778
0.33059155649310074
0.362210606554832
0.4114909684201175
0.43122867726995373
0.4182433279858635
0.4135087267006962
0.3701363064216858
0.41289714255912136
0.3528956505653353
0.38791869655963246
0.3471169098450985
0.4204429244955131
0.38799123483190684
0.3777902831262005
0.36601371809898825
0.39029864296013306
0.39402766003659834
0.3400236248992967
0.2649582003399281
0.3023656235922756
0.3433146284814748
0.3344490061756147
0.3244506125611677
0.33891123892685787
0.33667792191060164
0.3517717665979201
0.34498817276597626
0.35051331465556473
0.36981515099337964
0.3686735021379194
0.4439000555217712
0.43890261058324437
0.43816198322452693
0.41243531435664527
0.3814465480548081
0.4197338886859042
0.4384330967110804
0.4187706241899758
0.4114772357420414
0.44313780859298046
0.43739925540312075
0.38454105600468
0.3822946792816924
0.38650892372362206
0.37542890818569247
0.37922792763859564
0.2808905365840391
0.29874157174030425
0.3313433546986298
0.34585390090962864
0.32041452224976474
0.3796828335564675
0.3070748432957733
0.30354008299338614
0.36178326089720086
0.33666272562005073
0.3271719867873665
0.39258570447107943
0.4193982644923943
0.4202462355015421
0.4377764166198292
0.46583930907645105
0.3830699271389541
0.40462998143851103
0.40020054054449034
0.4106273644680701
0.390582014197199
0.42970483547008603
0.4732206467340296
0.4234298753825557
0.4127556400432427
0.4433903904621036
0.39406084871192704
0.3325186391159392
0.3497063406874512
0.36239586824741604
0.34662424148139953
0.33696060437429337
0.33878785156279884
0.35894402152373245
0.30052428058175235
0.3451912101596961
0.33074098898535376
0.3165085888902078
0.336981800640275
0.3908023547723385
0.33998067809279947
0.41115682815993865
0.461357979162519
0.4516258287946753
0.4611251869195829
0.3895172481017618
0.3970275461962187
0.3957661717681362
0.3744010970126421
0.41855165971979325
0.44923855451343897
0.4253889735904979
0.42388045421840587
0.4435956450437427
0.39353454498541146
0.38138145327607464
0.2960076890318736
0.33687318591396
0.291977996363976
0.3640513484879359
0.3452355550028367
0.3464092757790037
0.3537822966337722
0.3923748872584063
0.37518286914325544
0.3234643641886635
0.34761304197342097
0.4044585046778849
0.4027181989625013
0.4555731580780513
0.39968118195385316
0.41797321085620787
0.44612278739309563
0.42074004408526694
0.4407383619991641
0.39492820492198205
0.415860444985026
0.3763194869617924
0.40771480660453896
0.42520439066271654
0.4219119047234787
0.46822603196275203
0.3891858857319365
0.3735210188053451
0.3648871343213363
0.3449858427495796
0.33090191046715894
0.3331547534916376
0.34404722758084955
0.3497934141400137
0.3795759522935389
0.3918792544010393
0.3357184558368077
0.39380367171311936
0.38628158364017406
0.32396919642531036
0.4476283015614283
0.4632647510874749
0.475494379710753
0.4792331735352373
0.4176417637096632
0.44771164805927477
0.4798406753960612
0.4289116306882651
0.4669514943166135
0.4414960608657143
0.44177651322613465
0.45998889735273363
0.478258898857321
0.44737318307970136
0.41942045782806103
0.34255541862692934
0.42027476055027385
0.3450096554367481
0.32124984747829993
0.33551074177429707
0.3338832968376259
0.31470809039624287
0.3418359981387095
0.3461229055399479
0.34891484597257283
0.3325342657219039
0.34183039810520743
0.33761807699007557
0.4269984886355199
0.4347835364621295
0.42985060585934576
0.44998571430802214
0.4549801825582881
0.4677459176424074
0.4306580440040327
0.46035788363862645
0.4347212691059918
0.454197589553544
0.4723195266974964
0.4408772314465493
0.45963886527539655
0.44524312597941385
0.4701843509797915
0.4075834977475895
0.41684272116846327
0.348863357763054
0.34958048464926345
0.3578325040293716
0.3576401850058872
0.33013517422770206
0.40290599348167955
0.41727544725245974
0.42493908480819326
0.352487054341063
0.3979497844168853
0.4134398417265126
0.38148220761507934
0.43090983600033106
0.4336384242443576
0.493931005715662
0.3932764341092966
0.4042354774856555
0.42382687463324314
0.39550391917771643
0.42265983359123094
0.43918128154766245
0.4773414599471465
0.4457989309084238
0.47849823707180755
0.39341883741836964
0.4466491033773081
0.4171969105429138
0.36722631463605326
0.356607800109242
0.33574539711569784
0.35282213452632116
0.44391181591820955
0.38673831791939284
0.3667944473776177
0.32422915059953156
0.34325372462776166
0.3286827765390428
0.38242274281316707
0.3928775927698454
0.4264014162322532
0.4410302647766268
0.4280466453281928
0.4579313499740366
0.4500690521601146
0.4734424676027959
0.4331874424699709
0.43749244490736133
0.47315032649867894
0.44470234045742046
0.4317049070536031
0.4433780870793529
0.43468061757758747
0.43966112611339975
0.46473541534165586
0.3914183728927558
0.4295620912452158
0.36633094034428154
0.3715296979453437
0.38777727415707985
0.32041325484112615
0.34620225971701724
0.4002949670033442
0.31062597980990814
0.4139639999735012
0.35693592336459556
0.3505474927554076
0.4230266823316368
0.4889109893512961
0.4799352905282475
0.5037583042501022
0.4446106378403114
0.4388338691859576
0.5188202748621598
0.397147624313727
0.4134635718255709
0.37571910680897724
0.45344108072192574
0.47199025594172966
0.4843323835532598
0.43030603130680894
0.4455116370932726
0.43485153484080646
0.4561460647307618
0.3664727800578124
0.39603451086011465
0.4229863183597572
0.3112517104396487
0.3759720208429599
0.3946485519945764
0.31109387317728676
0.31875638156488545
0.3267817060423908
0.35848657164330316
0.3373258744438295
0.4197531238822666
0.47050367039094554
0.5267080237460722
0.5247812423584389
0.4481462269564103
0.4052288056979869
0.41453687941975714
0.4275174608535262
0.3884406991863135
0.38447900730793283
0.47725123063036556
0.4450108101732919
0.4740670778163219
0.37219262172578577
0.4058160999373798
0.4695596499152255
0.4100620855719369
0.3932883028338055
0.348168187862906
0.3802305523002004
0.3290241788360565
0.3471131892394913
0.32537015163471106
0.3885740349324706
0.3571741260347049
0.42957078316256264
0.34134716096350415
0.3830059303130551
0.45084757515489243
0.4579442980463745
0.4822249404416322
0.46620492423848187
0.40323423653262475
0.4014807810464367
0.4400368135058687
0.3814527997452779
0.37870159322598274
0.450607672807416
0.46434015787612015
0.4872746779254442
0.4580066191827861
0.38851813971605775
0.42349317614551296
0.4281829058646425
0.4226297121543096
0.41838171348469094
0.36534745996134627
0.33860251349358594
0.3973825264242557
0.4056219789582194
0.39807266431633065
0.4000228601807665
0.446498711865758
0.3447915194804043
0.35113785508833095
0.4088665937513113
0.445994141407529
0.42593176603159927
0.5002939981016252
0.5156861995371185
0.48697156577120554
0.43784499105182245
0.4446618837493027
0.4760305877289013
0.51331841734234
0.5372175966384715
0.5087997279966658
0.515547995057108
0.5242090762054835
0.44174890825145974
0.37454339709269535
0.4257026179985982
0.3584736518776881
0.40998170546721696
0.3917390779115067
0.3916836754185254
0.3932610765348352
0.38148871927595124
0.32528356925063223
0.29691710997214604
0.3382779672070543
0.3456179411933882
0.3121199039895847
0.4133843827888293
0.4313964429684251
0.3686295582383574
0.4188940145143603
0.4344259792643048
0.5239626261746206
0.4756858470272315
0.46790368540488275
0.4639045237449801
0.4677350040153807
0.47578660067344714
0.514554070034115
0.4289313132412478
0.5287936821067561
0.5044816213548169
0.4076676164287725
0.4395779081959681
0.4116396037837486
0.34808690930821623
0.3822141778465191
0.388103180315746
0.28973366535819134
0.30827055300912165
0.39755987883084526
0.3863737611054786
0.3852053469350101
0.3352215704048363
0.31964113167675773
0.4257498239622345
0.4011139211580555
0.42066790298852247
0.3873952705374257
0.39137669625979743
0.39610595462697396
0.4911690905040225
0.4783247020016031
0.4662313592610917
0.48907945921747753
0.4804548015664755
0.47416839641135233
0.48171953294607667
0.4738827293836002
0.4367244118743501
0.44264329371956873
0.4524249676290128
0.39528254994058637
0.32421037292076194
0.40553483220183234
0.3932522887783375
0.29791123034319206
0.4227519527103177
0.32713284651954805
0.39370827164051536
0.3282160436322116
0.3340917272213659
0.3461538620085674
0.40014642544815693
0.39116108570111274
0.34748970881368335
0.3466537028080224
0.38180800627196726
0.40096604183369944
0.4581005010322819
0.457304865339189
0.44844307278594725
0.5034263595452029
0.5271680913622742
0.4852836776539654
0.45307213040336747
0.4497906160047713
0.5047843989204088
0.4657835833324227
0.41483649916741455
0.3750603955078336
0.34344726068206766
0.3701385923345211
0.3130946188521646
0.3586036326134061
0.36729517141362095
0.39850635263905254
0.3076348035645115
0.3601783840438496
0.37337720262799473
0.33912732424688546
0.4360454173710874
0.34924135585616833
0.3891674537803997
0.37637370725043773
0.3428983494881107
0.4804844837527613
0.4173346341181502
0.41560892722742243
0.4617100800551959
0.45774720597767193
0.46137064746580536
0.41392448845041635
0.48330210841285365
0.41621879238286674
0.45629688424209475
0.4355955301489541
0.41130361922586106
0.3377999704965686
0.3439403833004549
0.35716188199972715
0.3274271373906462
0.35565922780028
0.3215626672194443
0.330656989454732
