3.1633898595538933e-44
0.00387675202470777
0.007553256028427551
0.0115702181926833
0.015048210274595781
0.018843827257766798
0.022133426664763537
0.025408207725787824
0.027377951713386906
0.029849089408360552
0.03183478850929821
0.03412192281019394
0.03606998524020722
0.03868254822227297
0.04155853443527709
0.04397992395647885
0.04384789050124295
0.046080517060716045
0.04785092742446663
0.05218000772742971
0.05019142295757046
0.05445793493832942
0.059942881886570216
0.06411741067726276
0.060611436558160495
0.06822590614160917
0.07354095775813133
0.07061551367221437
0.07973103819193718
0.0813877657283906
0.08471963885736536
0.08189948224650405
0.07652868490125043
0.08119352031902968
0.07881486586162095
0.08382714821211265
0.08746075150955764
0.0953902157817296
0.09056076690249631
0.08737981998885726
0.09944800020948652
0.10157762571609297
0.1010427683020153
0.10349158282688865
0.10474798442134228
0.10774982526638648
0.10206708629754982
0.11007869474006143
0.09367005850223607
0.10897096515055171
0.11293208579229702
0.11755908682194673
0.11265568446415074
0.13681589003579175
0.12780003824659222
0.13734047171408711
0.13354042401089605
0.1369519458799803
0.14481369520232268
0.1411067156426665
0.12850176515141715
0.12207201294083875
0.11908076636455828
0.12433892570493547
0.12417555759231805
0.1258721097882132
0.13073332839546328
0.1407566880909844
0.1458654785240112
0.14629803437532066
0.15050989877030996
0.1578143902583301
0.1536760899238422
0.1567238136990487
0.1416641246564118
0.15060645690939398
0.14679258492409222
0.14229918684545312
0.15718028931338954
0.1450827843626583
0.17392874303390513
0.16447497725290175
0.17447313438383785
0.168389379540998
0.17353335984565954
0.17546229001750832
0.17207809792221235
0.16764215045667558
0.15872170361119092
0.1491354997702284
0.16746255699077875
0.15390885154170725
0.16435998758871503
0.1849482679599993
0.18799636927475608
0.18866028450932565
0.20070992501734544
0.18856973948668582
0.20942662514087262
0.20697279159767856
0.21391053972210006
0.21305312034891982
0.1910899976720019
0.20548353327098004
0.17698610332388628
0.18373265413202683
0.17703382441650573
0.1774878433546465
0.16451183034343198
0.21388304056105195
0.17730756283567384
0.21790802233146223
0.20674475811433213
0.2246076365176192
0.20629962321806974
0.1965042619030638
0.1805837336376959
0.20054997228213622
0.19216897518735188
0.2117286075588309
0.21020740567796065
0.22679592109026625
0.23132416362144118
0.21983828628364244
0.24851182648391695
0.23742618791488934
0.25061580662842753
0.24709406870489523
0.23875146681154136
0.2460035889743198
0.2442901326608786
0.24030142922885595
0.23426914182934905
0.21968511177289332
0.1964601520104513
0.22448068210010405
0.2329509356775688
0.21450928529356292
0.23937749311911927
0.22505765729281843
0.20250530907703324
0.2136870699477153
0.21971547679371475
0.23789757539703943
0.21042383436508572
0.21857608647859939
0.24393756368290986
0.23972619660339164
0.23946683158810003
0.23057220337975162
0.2404566533464847
0.27952148400764526
0.28820684514423894
0.29950540249789465
0.30897000664820046
0.3015551278536994
0.302221366086074
0.28998200369479415
0.27186501707208344
0.27721679607805494
0.26153701786031336
0.24549108425189775
0.24544470360692566
0.23388301749425572
0.22042612116778298
0.2609571071276614
0.2482430391334948
0.26755630832036736
0.25523999531654934
0.2392196056950167
0.2667542170001563
0.22206149263113395
0.29186885908535404
0.2325591558799984
0.28121972790605304
0.28441427764086363
0.2939232382099563
0.3110230936892004
0.32768353478686035
0.2910614469790115
0.3216343203086322
0.2879116244271072
0.2868438907765331
0.2607725949418162
0.32320833463035087
0.28443642851996376
0.2830742607760975
0.30957067704645563
0.2738842407306599
0.2559413225170038
0.27288593125048993
0.26431293118906046
0.2850413778004055
0.26498489156717414
0.27133848977652786
0.28767337710154156
0.28452611147307355
0.275338497063351
0.3106233574153597
0.26337866142199623
0.29645922137946096
0.25365173490621995
0.299386917166395
0.33512567527227544
0.31328911367301937
0.374951205847884
0.3077720322384282
0.2784334898529647
0.3279271494199219
0.3174973631834215
0.310693865399337
0.27707528885282956
0.34763206456190854
0.30715440304502223
0.32940111020964313
0.34589916679773774
0.3199364010570868
0.25878572579753956
0.25458965792689203
0.2810847604491041
0.29449621832057055
0.2700508821951022
0.3080654691217046
0.28518323250085387
0.2881486645257232
0.2697040308084234
0.24795334301856753
0.3019689848703613
0.2982114757979711
0.3047490006268636
0.312119713862169
0.31846512394441884
0.3394462941156814
0.36944687349332656
0.330292852261929
0.32178584611923894
0.3052454945402168
0.3368745149851187
0.33148063497349645
0.31812759502353793
0.34939417952823293
0.37404236631746635
0.33099607026884276
0.32608917528883974
0.3326237188252921
0.29449140035242793
0.26197369381408275
0.24679599350994944
0.27585137428600454
0.32046682397273335
0.29615839713155023
0.29253586971303935
0.30620270641447983
0.2903867701479162
0.2528941125090374
0.2695125054351828
0.3196533679367785
0.30503260818939154
0.3254566049954332
0.3488047546405956
0.3636450210260219
0.3813816784557989
0.35606883534367517
0.3307660438136463
0.2547698725269925
0.32706618295442436
0.32246766446064257
0.32364653666131177
0.2994758301403332
0.33854716986819944
0.3265285685510856
0.3603544967160823
0.33191759545305577
0.3175049092268961
0.22177436967067887
0.33383835340006374
0.26251896958422594
0.31784215703218793
0.35086774580952235
0.29416229538700567
0.27646181964898
0.280284507188752
0.2710460608910857
0.27513961140864635
0.3689657332126083
0.3066595588561344
0.2937888454675688
0.3241016552410122
0.3523685177129208
0.40189723473061784
0.3750107298200055
0.3680586265063551
0.347884701507387
0.31480277516216126
0.3497427266059526
0.35177557855064856
0.34787006236450574
0.36961536054832483
0.3193236923509845
0.352702829788959
0.35551024336406684
0.3220429118867657
0.3158596493187217
0.2845448294609071
0.29780793660550997
0.28181597623128857
0.27644033202392576
0.2733919688336486
0.36320381996075846
0.2573268226849713
0.34366408764662637
0.23269871973535441
0.31068937352188597
0.32816107628984664
0.3623805496883211
0.36235282013812614
0.37284372948968
0.4234771626204061
0.3711540253765651
0.3679401074302118
0.34881460941396214
0.36681146100714396
0.3664770271114095
0.40905082764181794
0.38826399922942173
0.36966501267215646
0.3399776596707912
0.365182480731674
0.36764287363837816
0.3095895418196189
0.2617281558942438
0.24792101667056166
0.3430227108561497
0.3102306644555783
0.30331583549466884
0.3303058542846261
0.33430667685971166
0.3546671803169647
0.3010615723335569
0.31369231893448135
0.3257081672514854
0.32454200029741953
0.36026206783910664
0.38304498418356187
0.3947283252004426
0.4101162221380713
0.34466572552191604
0.3867663516291621
0.400767003024429
0.40636028344788805
0.4055861994164841
0.4512734950545774
0.429131039319561
0.3826133644197343
0.3868908017603916
0.3614501574188217
0.31857415183635207
0.3194577185667479
0.26608188084392503
0.2786279727263517
0.3081085804271153
0.3136792863546985
0.28326629327564473
0.34694249685532924
0.2989356014938031
0.29356867086562005
0.31738585812740366
0.3030686762659862
0.27112256767963827
0.347376262579131
0.32839953720892534
0.3607842924855002
0.3743986438907769
0.4379813937125664
0.36816293244101644
0.3924206427445033
0.40411492761922063
0.39730628123407324
0.3818116122667226
0.4052080478337809
0.44345384354478434
0.4019537466828966
0.40997392800498994
0.41238969968780553
0.3715283752801461
0.29200378902260693
0.2934419216665714
0.32538201491882723
0.3054382660138644
0.2996495301382339
0.29096279599724345
0.32351564588476106
0.27677391824436887
0.3187190684709408
0.2905070595260109
0.30349205772165255
0.32532479452065816
0.32269842435970925
0.30149105291440675
0.37591343487816337
0.4216522769054659
0.43526563576130317
0.4323445285482762
0.3588946847662092
0.3887454696884579
0.4219134177280211
0.3904666318661778
0.4264645200066399
0.44833577835257044
0.43258247408979306
0.43325421031026173
0.4366240749282905
0.40884597671005835
0.33115036888032034
0.3005453583678834
0.32902475552875954
0.2512741791214064
0.33990445295813654
0.32585226783553417
0.31984736326988694
0.29971233336265213
0.3223832836712056
0.3319334283652653
0.27543037392379155
0.3155645008008574
0.3486885208862497
0.34687877868392575
0.3896498474624909
0.3673890274344996
0.3891525988243899
0.4064112467806101
0.38665426283577176
0.3984839616839217
0.40427853528850616
0.3973828893170135
0.36065519806505475
0.3968835771177716
0.41257351189630553
0.4472856388732442
0.44192215327036
0.36715189643857693
0.3227811802146461
0.33349243609261897
0.35555736496515705
0.28257764361413956
0.2726333849143949
0.3124882103882912
0.3176719049632776
0.3626584673265779
0.35027647829857467
0.3208479117450254
0.35870503715485547
0.3666187657666157
0.3110507372601798
0.40440608833594277
0.3641931659206792
0.39615832297027564
0.4397536460211892
0.35468303516787814
0.4189925218042147
0.4435003560171609
0.4300326646793673
0.44519698639162103
0.43376240628709606
0.41657535088690795
0.43994531089964056
0.45652535366170144
0.4522412729431641
0.3801806437793036
0.2914252691929166
0.36076353269838796
0.34227091124741627
0.2822439543793114
0.27777556395619574
0.3402994790323352
0.2785309415629584
0.3525774403769072
0.31171129703349565
0.2987936854727768
0.31636012634791294
0.34190569295213824
0.3216935824041074
0.37861070547268977
0.3486376233632187
0.33994862933549913
0.4297173861449996
0.4337642278404593
0.42226682417279665
0.43685517431595416
0.4659477688357525
0.43158772205684764
0.4348931156845378
0.44805256209859595
0.4572117680643001
0.46616805423877566
0.4157768490314217
0.3999481146572783
0.34103138127199156
0.3602210610874471
0.3332573792035516
0.3350194078595258
0.34389678155438447
0.3136162237944263
0.29711862613504836
0.3738286666080495
0.38570345829601554
0.35081805412354256
0.3160349198735261
0.33999674031118626
0.3663731845137098
0.3124297162540983
0.3497835512448279
0.37569002141067204
0.42151251734985185
0.37511328562812757
0.3883466454643145
0.4474717496922782
0.4018532792267608
0.43188920949825543
0.40242298916822294
0.45211687535312817
0.46891310391017005
0.4843736393389273
0.37934564925319564
0.38574609459550924
0.35470459364320933
0.34113638251828743
0.31532004616245096
0.3200536346998399
0.37058385745519395
0.3975482233198812
0.32925975784376343
0.33255610031081084
0.2846768912168667
0.30912067903624796
0.3443410414354463
0.3587376846698978
0.35670903912577157
0.3851880159047155
0.3694934125184821
0.3790309201873777
0.42984367271496926
0.3804495100090653
0.46954374571529
0.42969114728480995
0.3977756384213716
0.46862466172904005
0.436961928297591
0.42649287934693536
0.47884587950456803
0.42935351696929064
0.390996082471187
0.3877345896948376
0.3290605139479368
0.4006143370341753
0.3103794257232121
0.36174620415696845
0.34510136204394043
0.29570455664189127
0.3126665759357984
0.32827525524447076
0.2975516873278231
0.38548838051010065
0.3391496153305105
0.3110350123996646
0.3226195517877486
0.4123198691923817
0.44590826484051554
0.43532681299210474
0.38655885351148006
0.4134842470170342
0.536418701101763
0.39435514138100053
0.4131850081473058
0.3668958481027407
0.4604115861446957
0.4966161265626428
0.4890158558662978
0.4215750884894479
0.3844207536451519
0.3632994325647156
0.39824492776446513
0.29684433625992995
0.3163451048615402
0.3947034671006163
0.28157766375356486
0.33083257035341446
0.3412137080607608
0.3044768858429514
0.31049951876936216
0.28713214304475665
0.3418208564531843
0.3349208555569124
0.3681611466027521
0.38122877948510214
0.45670044078562944
0.4688657735511707
0.39792299882748117
0.40759404157264195
0.4452940159111589
0.398349464600434
0.3761283727341299
0.43294326820983003
0.47076355774467205
0.43931522564140174
0.45629788626416196
0.4000351429582399
0.38029869947244715
0.42283955680406327
0.30988518099137136
0.3317947186388837
0.32887496218509593
0.37402264007935093
0.3110854028870983
0.32730049100084174
0.3054211167063284
0.33780881860282475
0.33977624104505183
0.37446814605446765
0.313794513226204
0.35213780522511723
0.35154062205250874
0.38643963990701724
0.4056379262279976
0.42862583758366285
0.37630048631052126
0.4059905456561685
0.43019672947860066
0.3903541263092648
0.4224783958014441
0.4536846749036248
0.45896195993484984
0.4841222366564281
0.42442399347452736
0.367398709438164
0.40925158913225484
0.4033985651983483
0.34634726433756263
0.35424584306443746
0.3373561485254237
0.3580910031185843
0.30326775339250983
0.36198270284926287
0.3111026320148702
0.3881225133436135
0.39326730023256384
0.3478894577988987
0.34642869112085384
0.37186873784317
0.38527092679434066
0.41466558454971486
0.47597093462441836
0.4825060721249616
0.47925402633891817
0.4472089812059777
0.4482033194451589
0.5043470584433072
0.49961736266412876
0.5006357132013672
0.5019116982968109
0.49366041560141444
0.49300441947638474
0.4393775785928198
0.40928079627325464
0.43404223877109266
0.34132210407898234
0.3554406378108828
0.34877093955490346
0.3430460523876853
0.35100900592469614
0.3414996304491006
0.3245336017917641
0.2587271435948423
0.32439556711459006
0.2849560354346664
0.2982858900367632
0.3553741235970835
0.3871615539172619
0.35581137248632927
0.3813255004967496
0.4221797681349624
0.4653165908650341
0.46861023638571075
0.4869415488309791
0.49292801747975074
0.47825349539057943
0.5023607751927274
0.5161330270265979
0.45102558911216933
0.5133115533643545
0.44591757676016675
0.4152551580138356
0.43234045087763556
0.3614172094447186
0.3198480107979544
0.3534247748178279
0.3353494395086847
0.2735115914788746
0.3048899994931681
0.35608475637038706
0.36035537166711523
0.3858205035471566
0.31485362650563764
0.3597547714989568
0.38195286841437276
0.3532076238862953
0.367943872327977
0.35463705067999385
0.38959930125114234
0.39666156985453965
0.5006146863450341
0.5029948471324276
0.47900283799188986
0.499213690456148
0.4875056345726331
0.47741385845834633
0.42775855915694977
0.44729998992628744
0.47237982087342983
0.4528426559436149
0.3820705508505182
0.3439445500362943
0.32549824651028875
0.3132610344746142
0.3664939824992496
0.304791960571134
0.3915276136431564
0.3412742998122639
0.3666160167978954
0.2931265406844337
0.29915396594313315
0.29457077604407156
0.37859170649658264
0.34678863258371073
0.29763456610928907
0.34769894600753526
0.4205386379277542
0.410459943194863
0.47849253868792896
0.4730935237586202
0.48554399403836546
0.4999786029115916
0.5009482206145168
0.45630262833467805
0.3918006989911084
0.44002139380732896
0.47672605377645916
0.42021158984181156
0.37817320892996475
0.35134364834259213
0.35646165216396714
0.3147488729720764
0.2838108876905316
0.3746734436218643
0.3761608384426782
0.3711834983043673
0.32060095130913496
0.38176011321322145
0.35445469947787256
0.35318100254535406
0.4293565371213559
0.32679300139619905
0.3607871277331026
0.41938210167799383
0.3641639696669607
0.45429032835269184
0.39790876468002306
0.4258704190519729
0.46429352549491554
0.4617659204352695
0.4333527656182062
0.4022243258217753
0.43619640406966653
0.41168011731513293
0.4558776263247265
0.4154790702447068
0.3492111216191925
0.34273634657918983
0.30164316312465805
0.3499873491069683
0.275531245892447
0.315465798178886
0.2929034372119369
0.3312552150785855
