5.597733745624613e-39
0.00390624999896532
0.007582646810326495
0.01158701226828521
0.015014795863867421
0.018310508262946595
0.022252747548865137
0.024829390647491074
0.02729344556595318
0.03058166208486317
0.033255026543110994
0.035229414939102754
0.03611824476502145
0.03892071116460033
0.041563826446227074
0.043844787710130013
0.044548353844503674
0.04614041382679856
0.04648623737084881
0.051037732586436395
0.04967024908734356
0.05567083415668389
0.0588728017729118
0.06126612178683926
0.057374746980178
0.06756050071919129
0.0693951744555667
0.06829801935985778
0.07661051478814275
0.08120729945748129
0.08188130227679083
0.08218829045144349
0.0769303641291613
0.0820215453523461
0.07220276453546591
0.08554537452665256
0.0895990074852201
0.08832261739661265
0.08602792314476335
0.08805534428469958
0.09162930165830188
0.09828106323458696
0.09424050610120167
0.09685098325719985
0.1050288706749921
0.10486564957847334
0.10510104674386284
0.10887868296150341
0.08860605563754224
0.10884811469082069
0.10647594749934504
0.11621366537509441
0.11065554228534123
0.12882137736947474
0.12756273918024738
0.134887612485516
0.12527200153564838
0.13974324861667567
0.14144004987974607
0.13207281157162204
0.1223849848769863
0.12826744817113972
0.11939965676072126
0.12015388903965261
0.11899351675272374
0.1118051216297282
0.13022541408073318
0.14092024220366692
0.134027962923978
0.14333475647966587
0.14159904597049164
0.15190656317704138
0.15070926225670808
0.14919999988740343
0.14584856299621676
0.1442855777518659
0.1328518335803245
0.1369549969915834
0.15570848998722311
0.14976593812367014
0.15991222227517185
0.15345180739506023
0.16337205701702062
0.1609704826702674
0.1585700394554943
0.1784870139313122
0.16060926387775432
0.15792339564798524
0.16519269013303248
0.1583744686405726
0.15861024958480738
0.15101034202012936
0.15518953993174994
0.17582214563737947
0.1872189678050822
0.18020601152766727
0.2048224874133459
0.20269211187565106
0.20630722919057032
0.2031614856250371
0.2107930169317878
0.21044981376690272
0.193073889561105
0.18427459036377716
0.17219261365523286
0.16519678695346532
0.17710238898609462
0.16772263036613777
0.1524584035078825
0.17326435829454034
0.16751458884858042
0.20769079764396672
0.1912936273223187
0.22007959581413677
0.2171431734258699
0.2059090467567756
0.18201242332265602
0.2009573637250732
0.17038749966581873
0.19174126972974512
0.1843532535089327
0.21778215278098806
0.24015923153452234
0.2377981609910184
0.24590397331191158
0.229512114918741
0.2422391529702336
0.24304318046514362
0.24159631079489952
0.24142085263031055
0.22591757899298714
0.20352215524130274
0.20704008152773387
0.20097774784485553
0.20013001104640438
0.2383098501293789
0.20423340175064592
0.2171898884639622
0.22533371737985977
0.21642882479088524
0.2188189710435292
0.18952768375840745
0.21383493966325517
0.22693103085005564
0.19752897615201892
0.20196985947497426
0.20983116558793766
0.2120926073939712
0.1980118974375707
0.233359252128358
0.23281196877526844
0.263032315751637
0.28474908565209783
0.28037424568127595
0.28273891518426103
0.2711409844806407
0.2787510354094851
0.2543694024055051
0.26097022883595405
0.22356175813897847
0.20758757379585016
0.22878959889087308
0.21292469414750909
0.2344966392463739
0.2234099521993519
0.24179825416068357
0.2085295379847668
0.25525167020137646
0.2523998926539477
0.22522891861654623
0.23855569947441255
0.21314043009878203
0.24827251326297964
0.22080473068869177
0.23174291512078732
0.2548582935489766
0.2693145405603363
0.29191322838286426
0.2956271187094649
0.2841542613562244
0.3140771035324922
0.2827775468189515
0.27673727437913836
0.27023865708379824
0.31486193321937567
0.30260304130858173
0.2970020963876379
0.2932455476563022
0.2237653868572281
0.23333759323267897
0.2576380371188865
0.22896006142340125
0.27548945186990886
0.24676161436856608
0.23869596166987728
0.2763306942242043
0.2758595747553157
0.24963387869240442
0.29914492458560354
0.24012255948577368
0.27282852530224283
0.2388744446752551
0.27104439290755833
0.2781900907272109
0.2856694741690531
0.3261187940538739
0.2945102934117597
0.29186666134809885
0.3226618581247866
0.3148175714400105
0.3044624111614017
0.29863927608785734
0.32631072149551876
0.3281223624722173
0.34020139811803807
0.30963914866764786
0.253337513208663
0.21614884034080545
0.23758370357855926
0.24707906491503373
0.3018410767482469
0.26909367427108977
0.26863527843422896
0.2493219799001351
0.24943401908800047
0.30308860222623435
0.22363742575164852
0.27506412600693797
0.2781264059847543
0.2627885688297896
0.27253851376007826
0.2847145358059926
0.3306362195263946
0.3339708963819171
0.3137010389498055
0.3372913542723026
0.30050572767610356
0.32728409280157744
0.30057467718005276
0.3272966698984953
0.3433656515742106
0.3506688312874888
0.3525417096492773
0.2831620552783174
0.2865098705837828
0.25665494232105196
0.22826499356330895
0.2564166715729198
0.2931796913306935
0.27474154706181547
0.24486408379197022
0.2530688981151828
0.27445123724609316
0.27468257466793244
0.24174365476620954
0.2650734237672777
0.2793150966203692
0.2917882070801888
0.26567867629312797
0.29171336487628524
0.30108457644982933
0.3672034334947268
0.3417803411917082
0.3411255791013671
0.2865042547704034
0.3392827463789772
0.3221805585749664
0.3098312041491188
0.28795395225697235
0.3373808675316654
0.3383149368705707
0.3156574088766252
0.28734946421791197
0.2941787123073433
0.23945356159513273
0.29008517789247684
0.2723937756772441
0.23502913187765062
0.3229544238632176
0.27001146377153257
0.27804529237290987
0.2412111442307531
0.2961929582767733
0.28150478714946525
0.30420353809975414
0.26764679471006736
0.24199238646461907
0.2874749661296737
0.26652532770662446
0.3749578788397826
0.3795645951401045
0.35928932982478706
0.3307357363534668
0.3402320220873264
0.3336089930871365
0.33914289300813605
0.3573641660490357
0.36105237575802485
0.33181647817282817
0.29858226815409666
0.349518123942722
0.30107945518851364
0.2844348891463316
0.2580387747568555
0.2814097528697535
0.2441174262189608
0.22182258376734482
0.28616857760067177
0.2980474052571743
0.2537375060368073
0.29304608633556406
0.28002305756458756
0.28715968756226273
0.2650633187285055
0.2501264170016948
0.2672248422399506
0.2837301744415107
0.3795051057136912
0.3516197205311077
0.33813864797534193
0.3789545628244504
0.36163541597322263
0.38036299089977715
0.3601663607481116
0.36499895905201923
0.35754243811381614
0.33094801027158016
0.31561377522975514
0.30588451819407686
0.2905856909524518
0.2666998841225637
0.2548445880231959
0.3007000879307549
0.27483621858563556
0.2647252722222947
0.29416011221703886
0.29144675386369767
0.3083976558621414
0.2943421179586359
0.2800853007379269
0.25783279014463134
0.2637408584183623
0.2523798334680161
0.28233100247725884
0.30852409084943155
0.35857344483698667
0.3218744982403042
0.32620138121811776
0.38275205712280336
0.38320764127682777
0.394393348706609
0.39742102269243695
0.4014781055842874
0.37776059123122857
0.383655344955017
0.2811000391879449
0.24544527297549865
0.2545647178611457
0.26169546558145407
0.29032423190815637
0.2834998617025166
0.2770478508356081
0.26599977987892875
0.30553157500324857
0.3023074137232355
0.2999238532681684
0.26540137014872434
0.279527495174606
0.25852358806474207
0.28724747884275065
0.2556815350738645
0.2838351715639394
0.28379431844229885
0.34828798921135995
0.3485526837044808
0.35081629094648675
0.4083601161905529
0.3836696525477166
0.3761220005009478
0.38340637533765737
0.3988633916669057
0.39855434217238034
0.3933274096991885
0.3485715441668893
0.3045838720538594
0.27619724250737004
0.2539924134319698
0.29398357549933074
0.27859186400270897
0.2637743399212704
0.26214759544521665
0.2813395932757701
0.272207108060396
0.2863238772872868
0.28233660627622953
0.2712793015194775
0.3034422685392404
0.24389182867918652
0.2467507818971729
0.2937682364203905
0.3320955071987367
0.3358702713621707
0.3643138287961763
0.35592240630394345
0.4016629843078178
0.43847988456432196
0.41718513828661846
0.41432776625177054
0.44428346857183015
0.3924578435674586
0.44012184420828915
0.37928437188295727
0.3452767125894585
0.30573878725386944
0.3214959021868253
0.32457401665803504
0.23970210760735303
0.3113637445508676
0.29765396651429893
0.3137435119878278
0.2713852547805707
0.2664140401723275
0.2837393138763647
0.2589076279947535
0.27117917987544515
0.28392209497658155
0.26069590266299125
0.295243174220868
0.30527764764507737
0.35001881074858926
0.3526270900783862
0.35948151587735944
0.36808043148479463
0.4225036644425335
0.3848610025944934
0.3960083869482016
0.4081570279006307
0.40141925317111893
0.41705197708847536
0.3608216260471872
0.32271566132681284
0.2808494573721935
0.3128802962215166
0.33913759659852794
0.27998543955730626
0.240475783399926
0.2804949947760636
0.3088942899585429
0.3043158569514054
0.3073645998794001
0.31377305664915023
0.32325682590487487
0.3273461530881638
0.2780430542157682
0.3327469439292787
0.26088687484215306
0.2700413395200218
0.4003967942228701
0.3023198288270247
0.38738583921145586
0.4043507235739021
0.42371863632803974
0.40967880769351683
0.3954346634732813
0.4234109936815409
0.4094307950418692
0.4180316355084098
0.4138226591388456
0.28769234591703813
0.2522495493035749
0.28039201342404757
0.29643709630837434
0.27638890796980997
0.27766626898829705
0.3372827736146168
0.27422549484325026
0.36125006234887136
0.2916154705924181
0.24763306656782563
0.3005731115708144
0.34849082515758567
0.26778313657901714
0.271034403744008
0.2641810243395091
0.2338398544518226
0.353409684727756
0.35332879398013506
0.3648693772280324
0.43830376181100883
0.42795525312093696
0.42023866110999697
0.3790550930494018
0.4057392779374304
0.43774986861412357
0.4216684698274478
0.35596766015689035
0.31936568923761155
0.27586406436641897
0.30894841076865465
0.2901413809633718
0.29966775826265335
0.33406089109513265
0.29056413887298305
0.26949103709929695
0.34460246596159944
0.32674388115360703
0.30282732214406594
0.28413392227981704
0.32002437549610435
0.30297784103935915
0.26340475617375414
0.27973451693146323
0.2875966535670341
0.33438776679081395
0.3480702986767087
0.3640276161095058
0.427781556669312
0.3874387404296072
0.4075584769495992
0.3885379388101722
0.42452420100066873
0.46053051859170224
0.42696231338494106
0.3662847652383208
0.31475916242563656
0.311960381202099
0.2909726724247067
0.2715305392313695
0.30846929292733727
0.3276888888139016
0.29503527032770827
0.2892280066152842
0.290212506650612
0.27065034007042194
0.2562882061799636
0.3634256761005375
0.3131771916855928
0.3082115966770628
0.3191361062700625
0.27502805694201116
0.2937938506330621
0.3501414087609089
0.3142512762097038
0.4167435927699101
0.38629799044498864
0.3529884538334157
0.43273629885480547
0.421197855636328
0.42158297483388024
0.45563718406633696
0.42664981789910744
0.3605562198041086
0.3175771953949765
0.2768981832606171
0.3555857332091915
0.2853551741335698
0.356085079926297
0.31531354782406673
0.3215982096146795
0.31264850858528825
0.2798736567105593
0.2730249572340349
0.30143724898957297
0.29127674952212
0.28073120266785057
0.22471785707791878
0.30174728226160796
0.34774622509659636
0.32301691198201216
0.3389679716059161
0.37619235020382713
0.47186400248715826
0.41423882422382396
0.41729245991775715
0.3906272893082907
0.4023314387597623
0.46893638317585057
0.4388342832611605
0.424200647412874
0.355693335228641
0.3039469369189155
0.3289663965260037
0.238429521425075
0.2885645067833904
0.32077700882182475
0.26453043780664814
0.3063283516561642
0.2946477079515968
0.28208145734473955
0.32971194947677557
0.28177074780295164
0.3411309214977529
0.33149914920590634
0.2797707944130941
0.30471320443493916
0.3317311129175696
0.3254960793172364
0.32219105480879534
0.4210746983295365
0.4317715456768028
0.39832816788548686
0.3908233024961412
0.4341406455741948
0.42548305771369976
0.39581378642605136
0.420213466339953
0.4470351076508462
0.35493149298909044
0.35618245830930456
0.2116157811256072
0.2572338213363681
0.32583594276936634
0.30627092257172633
0.33074145087714735
0.320813370874654
0.3113786615253762
0.29182152293535596
0.2736423639031953
0.31202758358449295
0.2837349399758463
0.32311826878038785
0.26471719058263476
0.27232249679711884
0.27854064030344444
0.3392144654012352
0.3462287538536612
0.4092146044719519
0.4112778588458902
0.3919858690731333
0.47378646830287546
0.43925141947100965
0.4332196865869213
0.4584382007404961
0.4047354099548566
0.4149907837706241
0.40254600715747174
0.340412629770413
0.2607547662487906
0.2996565237801449
0.2966356491801058
0.37050304135719553
0.24819523779201086
0.32077015189130503
0.2759176448332665
0.33111930379861626
0.30201158072647255
0.29449209559308503
0.3044606360908845
0.3176796236148227
0.3263626776828257
0.3497410721456988
0.37366183022424815
0.3648851174529288
0.3903277625002025
0.3827598824094988
0.42743926065810106
0.46950365144535333
0.44349383617130805
0.44378887136943873
0.4426088140591904
0.43104888907494937
0.44138206032948263
0.40987793854933796
0.3934234582454753
0.36567088011005305
0.29487761673498974
0.30266386651222926
0.31169245694328784
0.31861058961234223
0.3512576577286499
0.31055304202141404
0.2793123886116658
0.27571397344069704
0.31205734112064043
0.2874289804256066
0.27968699455727464
0.3147755291044891
0.2912479082462904
0.299394840545867
0.3424126476969285
0.34655903969568946
0.33617080051613507
0.3884610241437134
0.43179771773243136
0.45118265550572806
0.46506419480744526
0.4558436882179605
0.5040683819846699
0.43961950187877186
0.42326028431882495
0.35100272455373366
0.3811872509310664
0.38877212235875397
0.2741520409543676
0.296402113927153
0.29301640549068503
0.31808364420980784
0.3108472626378909
0.3036399505970856
0.30536511896248353
0.3402185289093003
0.3886200575373884
0.28356145800992216
0.333767966008236
0.320860002080282
0.3108434251175339
0.27724386753809327
0.28718020812515227
0.36059242145321374
0.3437077040544612
0.40338983447360466
0.42961357668216116
0.4197260484572313
0.45222474194810347
0.4351845674939092
0.4572788108084761
0.36491305459995743
0.41896129477196214
0.4186234435612157
0.4332950198090982
0.3019122121396126
0.2908509960301216
0.30290115345620905
0.23127917234649997
0.31634592984509824
0.2779547508172026
0.33200917844371325
0.33274195573185805
0.3185113943949633
0.2757539691517785
0.2598049119834323
0.287600708364394
0.37029621135146296
0.32772625595725247
0.2364295951317001
0.2932933076507222
0.3760763096938711
0.34660089254512494
0.38485272310812874
0.37828553966408274
0.42457323358139804
0.4536907979532987
0.4146727220042462
0.42625188754732246
0.3554445499482716
0.4003455089575178
0.37741241635119643
0.3639752374588378
0.34087283021781634
0.34182926932929836
0.3065007189257659
0.2823682945764493
0.2833447014158582
0.3716831993622684
0.34302086382323155
0.2909282110781345
0.33280512768749754
0.35445226432006255
0.32066302655519124
0.3446369531390918
0.38292576736491196
0.32015503506188075
0.28838625748419816
0.364804046431429
0.3062429082082307
0.3131389724236798
0.3266779177772679
0.36830873490374283
0.38373585723296455
0.42339359618703576
0.34847049407979835
0.31972362289612277
0.34402364691494275
0.35452674061362355
0.347637042441984
0.3553355571026597
0.2812123776201802
0.3089604154700882
0.2618607196985773
0.3404257420043681
0.27703889120914593
0.2774349701958061
0.2964615100347293
0.3385438301478463
