1.0338711759792049e-33
0.0038462006856495924
0.0076255717279826215
0.011522939134411957
0.01501595312593274
0.017463829021069858
0.022188285283007713
0.023888770561552135
0.02608242173505823
0.03055042109295804
0.033340234725986795
0.03452233509234844
0.03577315281115507
0.03909677165711416
0.041600960049589214
0.044097105152345585
0.04549864366727439
0.04685092090161175
0.04687766153045212
0.048955938454081784
0.05080827284073539
0.057201144029640105
0.05765151958721522
0.05885571955824969
0.0591716077070184
0.06545664020197708
0.06760119595157571
0.07046365745712388
0.0718877570559982
0.08165385494158746
0.0786662382117382
0.07751669166786854
0.07527360565605519
0.08532266025969447
0.06875311662279858
0.08637446554230542
0.08509199173960116
0.07840286326322125
0.07692137404798731
0.09016871227178097
0.08701712649652926
0.09315802474559998
0.09925229348742227
0.09312206837158642
0.1040973587394318
0.10294367198158696
0.10393321710062078
0.09899421016206424
0.09247375716480068
0.10637396904104188
0.10650703515760997
0.11382640328372925
0.11103055689200877
0.12338983889361313
0.1276817340037963
0.13508315184106293
0.12702574821796067
0.13272823524153124
0.13869036635136883
0.1260908670468481
0.11888016393645623
0.12847857177901012
0.11253018305334582
0.11562375235347266
0.10883858793538241
0.1058000208679931
0.13143332797920962
0.14117307062049045
0.12953726595823475
0.13986281808684717
0.14694596974786134
0.15128208579055577
0.1459974081107993
0.15293424067254405
0.15195809811030636
0.14231559784410178
0.12969261322813097
0.1379954026389127
0.15226625147755052
0.1437162811666994
0.15544210410982223
0.15572137853105716
0.1486593169858308
0.16626244872835197
0.15606125699394088
0.17750078949350684
0.1674076665134961
0.15855693630618622
0.16342941314377615
0.1720162118786734
0.14164181801646905
0.15711120457947395
0.14178719790163763
0.15749597468364973
0.17637512467954292
0.1615790382299526
0.20225325588326742
0.21342347439334097
0.2111973680018267
0.20892144234385723
0.2028903106145586
0.2019081904046388
0.1898476840132388
0.16927364045661192
0.1678639945275271
0.1808870130707843
0.18130955938060297
0.1640145426856962
0.15867302991545967
0.17481246823453722
0.17217090773196272
0.19942824496400763
0.18764933921180965
0.21650979698546366
0.21476497475956016
0.19285384702001632
0.17061552201301197
0.18795091341995185
0.17119485225833952
0.16680438612406
0.15393992000938456
0.19323374189258488
0.2187697063784995
0.2472241829661771
0.23982177215122955
0.22204586812026514
0.23752685003203405
0.24144484498791674
0.2532639533711695
0.24183140679690732
0.22311569191586772
0.189182975569863
0.18708249695717746
0.2022402652602736
0.21518399629512924
0.2457026961322995
0.1896658006546732
0.22173789671717925
0.19472497836053113
0.23253705773748026
0.23344014548991374
0.16398167761475038
0.22705090535172615
0.21722189888819002
0.20918351449516764
0.20235564080650462
0.18175428303238336
0.18126791264176298
0.17379878703322194
0.24114119249357568
0.22849045403034476
0.25101104239540994
0.2878254232023806
0.2618444719559407
0.2693428082323289
0.2624679045762367
0.2676061142716585
0.22602460786328568
0.261972223433816
0.20179598374818208
0.17160814946229888
0.2500096554794883
0.18999606125429414
0.2244938314775941
0.23006999646219034
0.23098840616171845
0.20044218067803096
0.24696959085535378
0.25726672832971326
0.2227899675610931
0.22560199195050779
0.21444702988599107
0.21621562933149063
0.2139461346756919
0.16519055162780785
0.21329793626475071
0.2347935829746041
0.26053002006339254
0.267922242786216
0.2792494970743693
0.31110259927387235
0.2854979997753028
0.2719761557143693
0.3023619429520696
0.31618047186952675
0.2974742630424916
0.30257049155235705
0.27041508370242195
0.21900067982399518
0.24140256770169632
0.24244950261802556
0.2057793394831671
0.2769091889640683
0.22186147118159763
0.24480515109195267
0.27142668878278003
0.25408848659542194
0.2152339471600284
0.24813349439872529
0.2359764935819588
0.22207358855621903
0.2344230518171209
0.22200031223952021
0.2066853122077244
0.2521464566680648
0.25870838361900916
0.2788769216295769
0.3168379635332767
0.3329040852558433
0.3412884089725507
0.32486717113542607
0.3256627881634096
0.308280294940086
0.30743645020650273
0.316571239555229
0.26778613211812297
0.22410666862365286
0.23085986059662156
0.2488217749556173
0.2535687965257505
0.2865737586677214
0.268807700457534
0.24451227953538857
0.25876444745984023
0.23589040201261413
0.2742604729720009
0.2513504150153854
0.24500879987024488
0.2612935299665052
0.23406326049899306
0.21399914318760307
0.2573897353709017
0.30818652176436756
0.30497026106796515
0.2811386958959128
0.35289110033800425
0.3198752789982362
0.3436056688372754
0.3124258276755424
0.3400061492759053
0.3161650550766256
0.30273982125551463
0.3439798623699631
0.25207492821086763
0.26376555198449997
0.26209341072433184
0.23543085023576898
0.25231493358907575
0.28470098852033116
0.27805276204117946
0.2126025524663482
0.25313607829756096
0.24447983335606227
0.2582438975957288
0.23794020336497793
0.27210422571730297
0.21976735325622698
0.2907009917591762
0.2319655137163426
0.2440672658747125
0.25587142667917684
0.32149389470347034
0.3138856621359565
0.371637066625537
0.34448564037814616
0.3456009305984232
0.31208906639874606
0.34267806432954656
0.3068511675851613
0.34350206155142143
0.3222864798494899
0.2686991358277182
0.2388670246571543
0.2942867726849639
0.30038752226119975
0.25738278494424977
0.284689849229823
0.21649631846284315
0.2718141912358498
0.27891739403909593
0.29958169425273884
0.25763346206362975
0.2775989249485635
0.2949054815555306
0.25579278447240716
0.24263698601844963
0.21015572430099633
0.2681724429091591
0.21741750277316674
0.32287173315332285
0.354660967481232
0.36251324142818414
0.3513214111437086
0.3545784693733108
0.31794340393579645
0.32104610372886966
0.3737848436389356
0.3622240048353384
0.345275484565991
0.27901426161522874
0.3224139498856392
0.28578190348317256
0.2482655244708262
0.30132524027803614
0.31381995505709354
0.25551593393637795
0.2353922394611261
0.3220123797294664
0.27723317574137046
0.24269705864795954
0.2589308322029496
0.26399983906724195
0.26265174029677857
0.22761919364617955
0.1753749184010153
0.20699544009595908
0.21359353430828074
0.2998316481429695
0.3027562103171906
0.3326809846173744
0.3970096257959179
0.3803721512296412
0.3745100031012408
0.3327412662711621
0.3451529539799739
0.35240983251184976
0.33825815559726524
0.26365744427235965
0.25718235126187533
0.3141057584763646
0.2821587949230009
0.302220554137973
0.2715248245367737
0.2751992637553616
0.27887346185484563
0.2733911085050274
0.25655740985511866
0.2705391101553427
0.31001020528659434
0.26383052959209174
0.2438433128972341
0.24304154140446926
0.206798815516074
0.21070784532118322
0.22111799608494237
0.2612861317323014
0.313080554318809
0.2959822304578668
0.3889103191313228
0.37906805868770466
0.3995766394430425
0.33816821565701566
0.37628195576992035
0.3742368924633668
0.37791376481515787
0.25002644632964294
0.24852263897563107
0.2573255811675461
0.2763279877258696
0.3263401391082952
0.30979927450859707
0.2798594266187138
0.3006261333501597
0.32137120705950595
0.32529516633637034
0.31441049106935914
0.27187802165474406
0.29692210193496765
0.2963764905669682
0.2636328145986688
0.2416841817194832
0.23346680632715644
0.22291258266488168
0.2527186354597023
0.3170293974462897
0.30275788932880005
0.38526557201000805
0.38867616508967434
0.38924979248840763
0.38451063247059797
0.37357650834652967
0.403438304018004
0.385415961094087
0.3142711087386246
0.26282686458224674
0.3028792189834831
0.2698062148903277
0.295668707301361
0.30478736496493125
0.2564770177087193
0.29930101308993173
0.26321731832459694
0.2735587966975032
0.284173941719897
0.30178322890342524
0.24699598537495185
0.27032180993472243
0.24645143417574605
0.20391052185141864
0.22073164311573204
0.24011901988568612
0.24757135933190913
0.28963932289084143
0.3372663467386187
0.40448009284762787
0.4242687446571554
0.41964622130052265
0.404110471970647
0.42132300176464554
0.36196292978856776
0.39669822706765745
0.32914241910091274
0.29287668831563135
0.3317828637550997
0.32688426034615703
0.33065442776707404
0.28097238548392806
0.2950173162800899
0.29353557851327744
0.32608692408196643
0.3152212181890512
0.2559665143319987
0.2747964931414047
0.25387441936038285
0.2618228805414008
0.2569002341657781
0.24066998024016423
0.2417657107401755
0.24190186863625357
0.2892985405818747
0.3010118290919875
0.3357478338879459
0.37656263632964476
0.39763004172400584
0.4068998342667599
0.41873154072739943
0.4077363281275914
0.3806226483132861
0.33042205622313736
0.3072532450398723
0.35805494294179024
0.31878863144450936
0.33154809614240266
0.33118862988419284
0.31587889153380494
0.2956444993766543
0.3340496913882998
0.30210752732383844
0.25614289058388917
0.2827771301774559
0.3280283056105253
0.2908290631732332
0.3397955160686614
0.24236341555632487
0.28654651980614637
0.23662855661247373
0.20744724332810913
0.3294230871716307
0.2972994929261075
0.37390470419450134
0.3707795306936047
0.42673633962735175
0.39354378041442273
0.3598662099356208
0.43899587190659234
0.3838287886368359
0.35131575167528334
0.36231007210372185
0.2801688202864024
0.288213356331859
0.2833365220172918
0.26653369163523233
0.3037055252766966
0.32800734989500197
0.3160475923894387
0.286164958574583
0.31273560443409243
0.2937257742422627
0.2739380141778231
0.29389848298929394
0.34115424438129577
0.26615486515135844
0.2273808808712554
0.23788991000228993
0.21788491066076246
0.2740643388480082
0.30631316072045794
0.3581047611581464
0.4594580331144511
0.4217511181486399
0.4331319072169847
0.3599898439053277
0.3738089942302256
0.4199162271775931
0.3863660992583982
0.3430879001554856
0.3070472265759507
0.28556594275746944
0.3392050511151217
0.2918824881504168
0.2887207406010148
0.3530684590916508
0.2946853996340254
0.26790630644030033
0.3304443190260812
0.2822503618312175
0.3188052280436116
0.30460800152452894
0.3482532989385509
0.2541567332400141
0.2776677815463698
0.31646874401097247
0.23978202730151443
0.293022116102707
0.29432503533503385
0.3504891975467693
0.4250855547432001
0.40319493918316907
0.4111379676876891
0.39489172741549206
0.4144080694398628
0.424633406938494
0.36294396936012535
0.34605967921175745
0.31861247035967344
0.33063575313318416
0.29629761343520516
0.2854569533295027
0.31091223177626803
0.2917210474329359
0.27237412484662304
0.29202826385137226
0.2916266656286067
0.279774072427061
0.26563685435136486
0.3419257714602853
0.30395366906534843
0.2846532439961815
0.29676307675366354
0.2476996697178315
0.23765872726956974
0.2900880706452379
0.28296381246302216
0.37966747647537447
0.3850882022830287
0.40418893893723973
0.4072146610025383
0.42433427066758506
0.4265059278721765
0.408213965551173
0.3951398594591124
0.33502931495137844
0.34889516507534096
0.29620860205336585
0.358384729352798
0.343054584119979
0.35344568331323006
0.3420823604153159
0.37812342139134403
0.35829516363020053
0.31007147607599883
0.2518470962292023
0.27886600625514707
0.282196484521673
0.3566218693218398
0.26765401979681874
0.2823259033896449
0.284347449265391
0.25764992788569774
0.2853149175415148
0.3304008366239266
0.40145407694687946
0.4182580034290389
0.4577247161187811
0.4022312700193106
0.3744928770898947
0.4289728684513428
0.3813229510165725
0.39229024495526205
0.35704268058248784
0.3246121619463965
0.3377689136251603
0.25268532669123633
0.3393003640281255
0.30852756826140604
0.3185284421600517
0.30078332590028517
0.3088897864612818
0.27562771054350266
0.3326076807692015
0.3067420512930405
0.3426432976189295
0.34579872723466953
0.26139965578184565
0.29517544795822365
0.253812596330829
0.2481764143636364
0.25713543199005473
0.3722999350374398
0.37595739799774486
0.4154719081615152
0.4433255175352515
0.4054129985040546
0.3786718332971982
0.3619946972172259
0.4013037656425816
0.40267493534645615
0.3187546604188572
0.3289674191106376
0.23223759557968704
0.29190929329576015
0.3451884728585725
0.3227309016313946
0.346701993969631
0.31191788871524484
0.30790007582888346
0.27163483670222416
0.23345661953521457
0.29710130593740236
0.27551325035554874
0.312932257694405
0.28759715105329764
0.25210259024179305
0.24162284094378408
0.2816530663897587
0.2859948562768188
0.3234948902377706
0.36951824925750454
0.4154580447553119
0.4797108505886548
0.44499891898634564
0.42523932947612375
0.39078422345434294
0.3364791527832845
0.4115724596140927
0.34780624536548344
0.31887962857154334
0.29225303593641183
0.3110693552335835
0.32303490258868717
0.33959585777456425
0.31420520697597865
0.34198104969822907
0.31267597772948574
0.3189091430571265
0.2629040638149092
0.2741042864202038
0.28878402960277844
0.2980778480796898
0.317619007074025
0.32411701200820164
0.2796856482068993
0.25464068409291996
0.278527391863535
0.2986226291736118
0.3899805849365744
0.3844198974383206
0.40830256912155255
0.4083420326982455
0.3837813448966456
0.3740473308851008
0.4099259609419446
0.38157014547182083
0.3428862370928079
0.35030064970585667
0.31330816797660277
0.32165423730534043
0.32085000059286084
0.31746673021947713
0.36024271085865844
0.2783462179233335
0.294097499625949
0.3205309808449213
0.28624659462790447
0.3469485298168249
0.27555366602722986
0.29605861745498696
0.25251133281836274
0.25771290908082306
0.26795456344558155
0.25402484289856186
0.23498515592163313
0.2725835390016739
0.35492137356897313
0.3660519419318146
0.42352060733182517
0.3845026478431081
0.44739383288823215
0.3729379331114684
0.3658593680941235
0.31298909042498635
0.3540268601369935
0.36007367276720625
0.26580850940258394
0.3126141208371275
0.3163226842725998
0.33328354421587286
0.3443153292139104
0.32573598540911186
0.2872218108046888
0.2845114768811116
0.369750324381726
0.3089403556723726
0.27161039108869023
0.3197471881814251
0.32263594425411946
0.227769220156163
0.2529986866879503
0.3014588835823948
0.2605469749334215
0.24713966208644533
0.3071075920129959
0.3303953297524054
0.36707982321350197
0.3841450358822392
0.41590612857609405
0.36767100633290856
0.41227722647890147
0.38206650622813443
0.3894312020442396
0.2943834198757841
0.3117277196462494
0.2928751496717003
0.2514051806632042
0.33971097944560696
0.29482697658681883
0.31281883578285485
0.298212479958213
0.303471371549555
0.2927357690035808
0.2572250216540489
0.30803834101505634
0.3651707155092309
0.34501231203379307
0.23445811775264372
0.25642284336827303
0.26229489942522943
0.24431164181303278
0.25816663239473914
0.24687142451779237
0.33528968727624153
0.3686601419956532
0.3477049698023949
0.4113801471559927
0.3264571123635318
0.35073844341588123
0.3363813767989714
0.34414100708497086
0.34994711736425105
0.36225671755513267
0.2860518100523589
0.3144272421137971
0.31607977625452227
0.3356632062245473
0.3154311190688932
0.275485773242621
0.3291587256442069
0.2931714836217577
0.2946960176545321
0.3170730268689225
0.3433067661147324
0.31335803889926067
0.25201067137110245
0.292812420170239
0.2199075615927898
0.21138715571890815
0.26912608178986447
0.30264581679408636
0.3044003408693997
0.33736761592517533
0.2798738997389793
0.27867267183943356
0.2852113082278064
0.3128325967544388
0.29001269076502423
0.3237819998845721
0.32182012695368895
0.31326482692255087
0.3072279792950735
0.36043297760708976
0.33861327370249544
0.29681401424692705
0.31486367371887974
0.3525055022642044
