1.401978334551799e-28
0.0037822100505543682
0.007617715075253357
0.011367914688667309
0.014541185149946423
0.017115389691215052
0.02110942265954804
0.022995967402391786
0.024643899881759655
0.02796216591026266
0.02904176452589401
0.028782337389396416
0.032452484114888686
0.03506074040531961
0.036341511657811784
0.03942224577152338
0.04021393298019783
0.040248093922519615
0.041454706610643016
0.044821367183500334
0.04532337371233839
0.048189475956984744
0.050598250224360514
0.05210203134533768
0.05676365033083877
0.05869609099388842
0.06268093360114566
0.06852811032760736
0.06723934989873358
0.07432422958971527
0.07099672481561374
0.061341063806814235
0.061018346036594215
0.0685123699965977
0.05485631414410133
0.06783504995576428
0.06172842332457641
0.06088841793975561
0.06025360470478621
0.07215012612455841
0.07463831979248048
0.0723342007458974
0.07603673540802357
0.08046011261624515
0.08689595838409805
0.08840774514330961
0.08920634135510276
0.08142871869538675
0.08482656830370779
0.08910408166071929
0.0912466964378531
0.09069858679892231
0.09881201729270492
0.10461191277321395
0.11285465147401011
0.1208478179137938
0.11722845035988341
0.11274328778820093
0.1203886648142276
0.0941457470900151
0.08081919874631997
0.08743694801865043
0.07657858079494416
0.08078885727035258
0.07307795215202047
0.08888514351765653
0.09624514721262896
0.10653986310593497
0.11037586390740438
0.11156782599308321
0.11957094807011882
0.11305833490254709
0.11821735181081648
0.12955953767797512
0.12283610264795967
0.1182830643916827
0.11263586187497929
0.11003984305603756
0.11848011984061327
0.10768641962316267
0.13864551640679393
0.15161864599950486
0.12864111262643455
0.15249572401138048
0.1516517615613216
0.1536332600052015
0.14587339684843786
0.1312203180633343
0.11023724086947446
0.12102474385997579
0.08712202854107995
0.11644131393110874
0.10185843543823868
0.11954359335472896
0.12185725218017425
0.1258118755644181
0.15341107459522127
0.15571689912861464
0.1717992540887902
0.17512400063114783
0.17230235888140844
0.16843330893707922
0.16185997257055326
0.15569890272782097
0.1360363173627349
0.16367463641283098
0.14667369683433767
0.13244220995977676
0.14940707340463621
0.17578482965894102
0.17635100052497404
0.1815099421066407
0.18570660824760368
0.19784250519543695
0.18207779529219353
0.1302911103741759
0.12430512417554601
0.1112013866217861
0.10980805115167817
0.1051566950514244
0.10575929962052266
0.1341978330768311
0.15299615809460698
0.18233567009112553
0.19035306026914228
0.19773302275668492
0.20775441977119885
0.20224295100792186
0.22356887706690748
0.21556746239006375
0.20678087557273955
0.19101969834196308
0.17090265159926116
0.1655188537373781
0.16716163202418685
0.17001983155955314
0.16752219374191948
0.20880604599537927
0.19068284732135515
0.2120529012171628
0.2020909945130418
0.17445201040297398
0.2086562302175767
0.16934441057723945
0.14909998059568344
0.13968662955834824
0.11669377995806529
0.1252315762385576
0.14035674284090321
0.18219940729407705
0.17720034914543847
0.21027394090735768
0.23769496520823472
0.23631473905771083
0.25787310423746057
0.2502539576856815
0.24742642959926506
0.22626245818843835
0.23396539546890094
0.19378704566816582
0.16945775470563584
0.21377916631619717
0.15191633412460087
0.1557932054433335
0.19810602533972907
0.22279019151672164
0.21708528785038766
0.21769483368397052
0.22524715495444192
0.2270415795669177
0.21021776335126643
0.16454528123159995
0.16548543416794712
0.15037990795067374
0.10253329473580919
0.14437309432350554
0.1908527592035143
0.20924335220887952
0.23795883909584079
0.26207904066228555
0.28408215300631834
0.27793913793795555
0.2696879146009244
0.28652384701187844
0.29052870164462175
0.25944596415383137
0.25483541066172105
0.23713060886779555
0.21445196985524573
0.19762571170250043
0.19200567834543764
0.168519727423484
0.2270773040161621
0.23682915641582866
0.248557679899022
0.24156846409567972
0.2595187117431997
0.21266989237209188
0.20365022135386032
0.1902565093784009
0.14826218652473694
0.1708312011651079
0.13706608539309084
0.15542108146093508
0.2025370784170798
0.21241331201921318
0.2728524286014939
0.3092118393101425
0.3102231355352426
0.32669654974338364
0.3131049436027329
0.30250637823212445
0.28135389729025906
0.2681368706443233
0.2662745795347644
0.2477613261351573
0.22787242564036728
0.22325618440722467
0.2215691933072136
0.21726143544891446
0.26418086422605846
0.2659981563480141
0.24289444007535818
0.2665990090808856
0.2652248900409588
0.21916120191647667
0.2566266030816937
0.180761208201703
0.1924547363324899
0.17038042894977828
0.1485843720483964
0.19246762449909544
0.26507309024776277
0.2913648654636563
0.29967727899286656
0.3222424205102139
0.32794565072338033
0.33232287748371525
0.30132123061178906
0.28644330581152
0.25547720256073025
0.28193122838863566
0.30053645581757327
0.2630751806887721
0.2782878626207182
0.2490209173254816
0.21993714675465859
0.19018994012201534
0.27045555392843096
0.29135066027134715
0.2711056900644442
0.24379562718891964
0.26410573756618083
0.2647950588870217
0.22245015294847595
0.19171832888228946
0.16443514021659955
0.19596521295449879
0.19861003354344645
0.21174229933389968
0.2640635776416901
0.3017015761727193
0.31630766603968574
0.3589816535778657
0.3605483805142633
0.3315301038853005
0.2685591378762489
0.29599345862533044
0.2741932554752213
0.2890427104416505
0.28169529933993426
0.27037352177265833
0.257903201927053
0.2730655283075044
0.27071283931699597
0.2057473470119871
0.246594760258631
0.27756423419673754
0.2757498967198154
0.241463120155981
0.30985499650093157
0.2806399559551918
0.26031357832095026
0.20239731232845415
0.17749112522762073
0.18493726994517715
0.20134361374491708
0.25476351318845697
0.27058997245590727
0.3301230066871756
0.3551151447619271
0.36812133684127185
0.3545461449765576
0.3009602685754963
0.3079569413227395
0.2961480149852836
0.33830423107898505
0.35281248258659587
0.3499874402527238
0.27599348571568766
0.29898810151548716
0.25027526821942175
0.22081858041581312
0.2702387151573735
0.29717172591176105
0.30405231772236335
0.29140803292093465
0.35763426861159825
0.3183525298731411
0.2562704377061624
0.25802749438378364
0.18686911281059598
0.16248800854814083
0.16865173220329094
0.16095045340932113
0.23567445354598746
0.2851267836345052
0.3152528139752781
0.34297640148413094
0.3774766160294943
0.3785317689194602
0.32592894847932297
0.3296333608892034
0.33693733906788587
0.3343181407251247
0.34334976230648157
0.34512400284737876
0.3052311118517287
0.27499071634849165
0.2739137384065561
0.24899341617765608
0.26394640177009987
0.2794842889870772
0.2948841953805918
0.31933519917720643
0.30404012131388675
0.2727137119089412
0.2956169914667923
0.2954981345841682
0.21346145280163395
0.1895933725492468
0.195221511604508
0.23261065920852295
0.2510765023336216
0.2782290559526925
0.29603020255826684
0.36398959799160885
0.3525750915940128
0.38952011637602696
0.34235181650762964
0.3825105439829194
0.2911698816889142
0.33534378610886534
0.36190310456077174
0.3827771563002403
0.33843191977849496
0.2959294208292867
0.2980799400048994
0.2594475808938216
0.2653394584819533
0.3274615478270568
0.30066224082855125
0.3374593653750029
0.32575279055576434
0.34262823266679093
0.35916830288467594
0.2828254422489907
0.23364520390039084
0.23255781868560843
0.2000676313949006
0.25313747962009864
0.2668756933527051
0.2944818706066737
0.31150226898811784
0.3306724627708634
0.3230338814014464
0.3928645509736533
0.3558273524434471
0.3703207411855012
0.4018195791914431
0.3674625129947887
0.39479963394617074
0.3993940492219394
0.37085700928658016
0.3290502994634577
0.3200686804701252
0.26348827462402524
0.2829614958884118
0.2675210441834225
0.31267243903654435
0.3519126952046253
0.26405267689983564
0.29953667540387785
0.29337042836591504
0.26153466677354437
0.19594995093178738
0.19850928824403696
0.2333393686846375
0.2767062202612737
0.27274772008815423
0.2606169651653201
0.3211857234328294
0.32014369752465827
0.3704577746222952
0.3567070050248863
0.3526160842308671
0.3798888422950528
0.37635745550542754
0.4064877488660449
0.3841786251020715
0.3783312335270983
0.3573850519846313
0.3631642275542493
0.328890403240659
0.2746497906060083
0.3215185389980708
0.3125164231035524
0.3432261338381988
0.31702233768936017
0.3603518464370804
0.337114221120506
0.28413660545484015
0.2888127021216587
0.23940638792990476
0.2115957394720922
0.24214523042680808
0.2748171532191839
0.2721851922460655
0.2995838908999517
0.31515011079667543
0.3424427770994337
0.39187131248761253
0.32091472624715867
0.3307221939088123
0.3581704751987562
0.33060373639074386
0.37330938061908375
0.39582613639708464
0.36314616899171787
0.3941539527114598
0.42090460871593893
0.35243328959476394
0.31361482189151085
0.33032642785347605
0.31546898867456236
0.32185241040253054
0.40241813948267396
0.3233614656037233
0.30665001792676383
0.31237619905858804
0.33862719673190855
0.2480632867132308
0.26685709489533804
0.24474141565614188
0.28151828351059177
0.2954693525054182
0.30301518808819133
0.33437870673141495
0.35808741465747956
0.3629965467925042
0.32158576860341753
0.3325708574803559
0.3281329519249481
0.32770863745771606
0.4164593318680186
0.41537808009201305
0.3748196990591692
0.3897256648585668
0.38837324683037644
0.3659844595988163
0.33600181806397555
0.3138366212842027
0.3469634230158023
0.38554905179849114
0.3145495232869205
0.34578170364584215
0.2737999990946415
0.31176004235737537
0.3322325037579022
0.2708045415315995
0.28876562915865656
0.2851008748918702
0.3022191273333616
0.27620049280945036
0.28227727865107727
0.3098855181018559
0.3447689366517699
0.38992829832606596
0.38394053832768793
0.3386645198295203
0.3327563314442714
0.286899602798814
0.32277991980897114
0.37908825689610426
0.43630613190074885
0.4280999729888712
0.3625344544682354
0.38075790198963577
0.3504304341787338
0.36269645318866156
0.33220606392926316
0.3319822523140701
0.29118186330268675
0.29016416751258295
0.33249807619012495
0.2923974181615628
0.34652979917720755
0.3240873418208803
0.31139846955898953
0.21735500433599256
0.3124848958421045
0.34921738383485795
0.28929740445060476
0.32968648077202056
0.31540885699648946
0.3430220700175351
0.3143274658044732
0.30799378071097044
0.2936939748526175
0.28662077604976244
0.35464117179477117
0.3939641345282745
0.38958686947360455
0.37180484425959337
0.3872678475778175
0.3748738005819956
0.34042203839481605
0.3141256414561662
0.3101971539869557
0.27770866265554744
0.3138000097529577
0.3437673557844181
0.2985047144936946
0.3104795209355668
0.31916384502971973
0.298645778333536
0.2627781530903594
0.2570440591597011
0.3243685814190103
0.28619923279710785
0.2885689696120612
0.31102190044083194
0.3313982839248453
0.3964402880911856
0.3253634527373922
0.3266239167667223
0.29016385138337913
0.3362934243534155
0.3647377034898376
0.3702245802476134
0.38674324113365716
0.35654868645826565
0.4078547061656812
0.37671822704583574
0.38578540903856207
0.35999903902196656
0.3469264823090553
0.3913478538431435
0.36034181055323705
0.36888135826429946
0.32975585286030146
0.26303771409635324
0.3021188205074417
0.2950975132746945
0.34362682495436875
0.29432272140982224
0.29970031293760047
0.3172195186987337
0.3016102679916503
0.35437237286030976
0.3790056719365979
0.3884544923655319
0.330308326840844
0.3669857106065173
0.30401058961350647
0.38717250262812813
0.33738552515192527
0.3913441309821565
0.4038996837011154
0.39575766488528086
0.43384886866606764
0.4044635398419044
0.27840836695723264
0.36664143678139477
0.3369376902578469
0.3919545638426628
0.3197840040204572
0.33436399602144645
0.3446404147599362
0.3367325869784962
0.3227336649734531
0.2884129813955957
0.2665679775786549
0.2135561602955528
0.2733362952972218
0.279443490520441
0.30562050048619327
0.30242955816266953
0.3636267529824626
0.3969525204948422
0.36605018358285857
0.35691835951200396
0.3423891115658171
0.33041127675203746
0.34655797746555733
0.40932407433466467
0.43345779347705576
0.3926672942467297
0.3805637162784485
0.36781754128967076
0.3532702832531176
0.3332336430786333
0.37203980214328547
0.35244377844748837
0.2930112599153129
0.29493058663875854
0.2950613365323365
0.31100069786422435
0.3032802285906349
0.22733046223967468
0.24314815718470245
0.24303381434393545
0.2693734533517788
0.2664640509685781
0.31111559049171245
0.3100395819593758
0.33083548315052963
0.38838441987927586
0.42425125760796994
0.3911938583232725
0.4049749406348079
0.35926515134877324
0.3593441102405509
0.3768582319767649
0.43148576384614373
0.3647714435379825
0.4326913490072151
0.3801498655633781
0.2981020860893756
0.3156598458636503
0.32061661897981064
0.3805479794247892
0.3926806476076444
0.307977936005733
0.3172914237175086
0.28478157973959634
0.29303102463816366
0.262576124233727
0.2537121811541466
0.239954051967373
0.2397036969029709
0.2515609571597876
0.2623328847505729
0.27299479236231877
0.3382609882472864
0.38443401591350906
0.34551054684593363
0.3477519142122323
0.3467474301379062
0.3975852718833362
0.38891342082635616
0.4221838790281773
0.43217914378883554
0.39862162952438573
0.41134609959121876
0.4033005053703187
0.2908355110668829
0.3186553422950942
0.3666630134143079
0.3980978483759514
0.28266967119138714
0.3500820308355233
0.32437538492488366
0.30014512636061424
0.35320484764729076
0.23952365329279682
0.23324543619216714
0.2086184241899804
0.19119780980368237
0.24997224608372928
0.26662239785231173
0.26320494526984534
0.27061971246119676
0.36452750464014405
0.3811576981004581
0.37177470162175835
0.379439964624288
0.4538304691890763
0.391217549772481
0.3707270221955917
0.39461766902099293
0.3777635247554456
0.3592556067309317
0.32815901136420134
0.300660141369135
0.35299675484258747
0.3361467748752212
0.3501855112309409
0.31591089584168597
0.2857086761847849
0.2795567119799166
0.35322703025456986
0.33259584426394906
0.24458755414381456
0.2826057665431534
0.24271504023263257
0.17398877478213948
0.19388146805463016
0.21658185089291987
0.262373903071094
0.2632126045362337
0.30017387020351405
0.3176317791967577
0.35644719538004094
0.3394979145333006
0.41707698214263816
0.4129953507399037
0.4105798200227821
0.37371907015887507
0.36308537959006676
0.3477084335204667
0.30184085341972683
0.24952844746096886
0.24160591254769528
0.34244934182462267
0.35348773145882345
0.3320250285153019
0.324979986934119
0.3031469807642176
0.33843499076045375
0.2836614898899313
0.30092459794159204
0.25856469083723177
0.24945327746327792
0.196611133823434
0.1915935352745225
0.16651415618678903
0.23551695916064755
0.27094092342279535
0.2674230175052868
0.322787696668735
0.3411211398063101
0.3336093056289555
0.3614548844020223
0.3558824807369891
0.37680845057463097
0.3930506944852577
0.3453300333756281
0.3584343002704396
0.30621327989833647
0.25558722341004764
0.29920847608596374
0.3222623762723108
0.3040861322826379
0.33099530632305474
0.3114789113156185
0.3655981546798969
0.29764145241387124
0.3114853330997279
0.27701867146695963
0.24932989769540206
0.19768681125739881
0.18708588507168378
0.2057288236896772
0.20807486017510107
0.19589117125665492
0.2631096151947169
0.3216955845954989
0.3103904273734259
0.2810692955076756
0.2945815366626755
0.2949084136478285
0.27281025415604476
0.2973937885702228
0.28145079814213486
0.2539733390800632
0.3294585377558819
0.30602917624396964
0.2876260483433284
0.30768202689141994
0.34692132423679717
0.3674176836558648
0.41801554989924866
0.3775452927383741
