4.695738827864717e-26
0.0038582115604957013
0.007488133628022291
0.011089127383505058
0.014137510313889618
0.017108842552655854
0.01997828315363327
0.022193570287526526
0.02423179147595601
0.025761670957238848
0.02638737048556229
0.026302784746964084
0.03004422084841247
0.03153141140142112
0.030967875917351693
0.03529154219310414
0.03546576714958054
0.033388954290058545
0.03676166156074787
0.040053195708972256
0.039894959761624195
0.041223819549562155
0.04425933015443645
0.04603111432394794
0.05069774429970922
0.05328451056422607
0.058490473821667666
0.0634824708249833
0.06734518565683255
0.06735306478266004
0.059755931408560614
0.05409396573121957
0.05085196606082613
0.047837352617739325
0.04268823639234199
0.05437261895315556
0.05221549735734155
0.04661448016703688
0.05347017764445981
0.05985245832529897
0.06676356179093458
0.06359972075705168
0.062064925892841794
0.0701902447723333
0.07155482038375974
0.0708253283738636
0.07428533421392246
0.06482984759086802
0.06763827498851156
0.06802754230761067
0.06679923161853954
0.06590972475184852
0.08922456888115209
0.08987464797911317
0.10208541596924411
0.10182103592786958
0.10584333854698072
0.10130355211926696
0.10183318817585525
0.07262121678761044
0.04766238178132266
0.050584956723986975
0.05311298674064054
0.06320362448602221
0.06366639401672386
0.07538979711098538
0.07112088567109491
0.08019252955722558
0.1007460476395794
0.09942495427025527
0.10057114839361694
0.09465251447044637
0.10387907435508213
0.10996321024923682
0.10012571518011633
0.09279086718086235
0.08596786989981965
0.07772915846862705
0.08042296511813997
0.07415103511962201
0.11974077672859845
0.1345062006050314
0.1267374283830968
0.13651489113598342
0.13793331765179834
0.12466344522254162
0.1163021599740049
0.09610577552861027
0.07432129057093581
0.07184778830681028
0.05817593536202333
0.0819201829267156
0.08593958904719365
0.10347799293862289
0.09923747266345337
0.1214628020586704
0.12444514389069382
0.12507539886409133
0.1387166301433339
0.14566917758920092
0.15578710377262944
0.14530852918991558
0.1411195533984365
0.14592519566123954
0.1176332373195509
0.10309585199920333
0.10742341535567614
0.09792207193000961
0.13080326287115754
0.1465081940190125
0.17834293245763103
0.16825252225079787
0.17215681699927948
0.17340749973246525
0.15323436230965906
0.09272388733982251
0.0856475098842217
0.06059365381993544
0.06665458214308538
0.0921337463272367
0.09739446834581993
0.11347291946566643
0.13424478342553278
0.14458065581241725
0.1613581223989033
0.18663761337584123
0.19035551980188348
0.1791274313661443
0.19474549013048165
0.19715542041964232
0.1927188383666416
0.19325834984233542
0.16574942835388484
0.12159971385310406
0.12439333700191152
0.10138401328208294
0.1393459675114566
0.1895059012618959
0.18437848144273758
0.18899921917327672
0.17462442690124713
0.18733631092802688
0.1904479622780909
0.13290629299906606
0.07707425137899768
0.08602008647847949
0.09899577281711633
0.12442931784849248
0.15328857659280015
0.1594517605201856
0.17291805534148658
0.2062737711399879
0.21572167631246195
0.23840950560165267
0.24330358630172122
0.2332638257572069
0.23437915886437735
0.2422609828438242
0.21950283487606417
0.19389523137957612
0.18928416008478585
0.16298201988556799
0.12162542897834158
0.1091935498865329
0.16052624300359944
0.20956963085155342
0.2157716968429415
0.20152685194555253
0.19784558270482455
0.20294813253574404
0.1857352894389477
0.1150177866053773
0.1284268303703585
0.13734408270799087
0.11055712571793457
0.14867704262759207
0.19210519937303241
0.21313352809822306
0.22848832287599152
0.24913711639822234
0.25112138044692794
0.2606422782579889
0.24897036951462798
0.2573723790256248
0.2524430103388785
0.24496702204709564
0.23569715225516405
0.20597763767420807
0.2008254607930507
0.1764961837251485
0.14878281654736925
0.12461544967140444
0.19519425134099877
0.23960013861311197
0.22155374810449144
0.21970126733149223
0.2502426459529742
0.2318269550156005
0.18628726829184322
0.14589448842088593
0.12423865046872512
0.1379331482763236
0.13650347115235667
0.17512062885402543
0.2156450258014509
0.2284176164835831
0.2684976954586409
0.2833808576949948
0.2634701501665605
0.24830604983312127
0.25389273174973187
0.2577562962072577
0.24827239160956066
0.2512401512681821
0.24521627203575597
0.23822509970842354
0.22738043988213175
0.19550899566057145
0.18559912275758628
0.17450344446248287
0.2200568961408756
0.26561913079749955
0.23154775480625614
0.27011462851693213
0.262531873625238
0.23443895745943527
0.22945708073277912
0.1425908358270871
0.14169188332801225
0.13282077272017814
0.18110736228806887
0.20097029867758465
0.2693176225682241
0.28381170289740093
0.3251990243836062
0.28518916714179166
0.28517324726771953
0.26211920212354733
0.25041003531827255
0.23732006428064986
0.21817687617721485
0.281535826733637
0.2627811475069775
0.2626315719765901
0.26642088812168263
0.22466028157255327
0.1741072443906709
0.14861949520453355
0.24423148185973062
0.28500787378761017
0.31161530815935906
0.24456027949509396
0.26685989893975615
0.27480333273413154
0.2205603288417312
0.13891866491892638
0.1510928472977762
0.15564574247558996
0.22083718762966922
0.22995074999930357
0.3139573873384314
0.3205542576136797
0.3326398812866998
0.302471650639615
0.31569050614713
0.2741972347545505
0.2139165620102601
0.23055970167900555
0.2328516594816337
0.2525272893179906
0.26141281019105556
0.2633781934961497
0.2562280871636036
0.19751020989661228
0.21099910910958142
0.1610255838405454
0.1902924424538922
0.3013371262987399
0.27645075481980114
0.2225943444584456
0.3151750074841619
0.30014363613959893
0.25989100035907087
0.1434252878582198
0.15055515543690953
0.17051828943576613
0.24130784564539445
0.29743634550674813
0.33978684562938266
0.3573738493450734
0.3529997482544321
0.36269604148137224
0.29029773195708336
0.2633370862380334
0.29633265912464235
0.27520953305101153
0.31825078373765725
0.33886404210418036
0.32864051080688167
0.2699878168415735
0.2620455623423572
0.20363620949140449
0.18619654255401263
0.1904856600379251
0.22437593527001914
0.30438761265767456
0.2820102482837302
0.35229941361644757
0.3076711087659063
0.27621353580845065
0.25672075115151605
0.1782404543744157
0.1409832207986928
0.17190805107361273
0.21063477729985655
0.3243217658216551
0.37038543729224666
0.37589766907674566
0.39643451627416915
0.3901113106869537
0.36068735898373827
0.2732405931484373
0.27015645887828316
0.32584751940022794
0.3246744011483513
0.3270518613721167
0.3452313575794709
0.34429942786507933
0.31317741380531516
0.20806598352019984
0.18452090557968
0.18908266836496732
0.2776008871872496
0.303337650615178
0.33184084490843
0.3354845806595998
0.3026050202276965
0.29669547955188474
0.2782233227487141
0.19923852582690857
0.17556424909622562
0.19408808036410766
0.274888530178438
0.33994310385197457
0.3604485884784984
0.3674888471099374
0.40801148246457575
0.38238319476199034
0.37205491103028404
0.30698176983172537
0.3481016318094552
0.3012150843168686
0.31315899795888225
0.3629402207995737
0.372323860743725
0.3762819821942887
0.2983807558577189
0.2983740599276331
0.21555404054301694
0.2071794692365037
0.2550740550379955
0.2997165849698407
0.3603902166055644
0.3001716721111211
0.35141696240648007
0.363759106629406
0.2871882522789765
0.1729536850589231
0.1761303685082472
0.19332926343934512
0.30359682057036735
0.3383790007165094
0.3746650589719377
0.39118259943236744
0.3607048123476257
0.3740561092711787
0.4017458759750731
0.3366125092610629
0.35542306534937507
0.4098778988762071
0.3736495471117139
0.4031443050386277
0.40691377472944856
0.3973680321819726
0.3566666500279118
0.28719860861197966
0.229803127069815
0.25203145529778476
0.20993145329395171
0.3781094184849132
0.3559632631552123
0.26714986406613495
0.33326023716813485
0.2694680610341535
0.2469910029773389
0.1796231728958519
0.19631622190630335
0.22786998356563293
0.36438737780062225
0.36492906733804503
0.35161134258181953
0.4169817461937886
0.37758030455568076
0.4092385322517684
0.3285175486072264
0.33591466832057015
0.3590639268586704
0.35836336115554174
0.41532688515632316
0.3986924653849169
0.3956352091704132
0.3748591594477962
0.38864035183454804
0.30438705983387476
0.22460506413263456
0.25519953648315097
0.31441760205848623
0.34253254758800095
0.317253417366004
0.37062725479538056
0.349983583561463
0.3107079242414988
0.2690096545428909
0.22626053315676176
0.18467030139020055
0.2533982232203639
0.32517434830261355
0.3534594994007983
0.35079890990550106
0.36750861561700215
0.3773746184096152
0.38836920624567894
0.25843183153782356
0.2517372830548293
0.27017871573023766
0.2731604456007425
0.3711706872024661
0.4249701167192261
0.4199190493967077
0.43133706188990856
0.4085908503900125
0.3490072446359955
0.25047930335612306
0.308214389809057
0.2603511905454229
0.3159741348067289
0.38908453546216576
0.35301100042049055
0.35659096744186414
0.32850003536848504
0.28108401515670645
0.2247810489372986
0.2208513248700123
0.26944057399021737
0.3343394801414857
0.37386244007231967
0.37639447103941526
0.354822441788721
0.3725578249453131
0.3348257379012305
0.2858958276787187
0.24058972182963387
0.21997175181078568
0.28025013613680805
0.3906007337164714
0.4235929324458915
0.40348892946487713
0.4170592110391731
0.42322094858643455
0.4019517089437777
0.3471460850726811
0.32520822457146864
0.3334227322838416
0.37696702711351093
0.3117043322946469
0.37967096919622517
0.3037229563452606
0.3207432461994949
0.32230956743084926
0.21786773151507022
0.24583591469108895
0.2788221274196898
0.36339434517712726
0.3424603140554413
0.35594224535224417
0.3535161908591555
0.3621889700772583
0.37842482866823113
0.2724212221839632
0.20564855697531303
0.18538554449997421
0.1740051574843936
0.28237786560130335
0.3186471525267771
0.44546422695210597
0.46159579186505995
0.3799330517339688
0.4093668600633808
0.31562397831318784
0.36844164438835675
0.3173729023120887
0.2983185217636537
0.2865665738969325
0.31243867046853174
0.3647257813199638
0.31568645569388226
0.31846903470726273
0.2635369105636124
0.237902359505741
0.22203039945576983
0.3296649098268434
0.3439225233095728
0.34815377294053007
0.3468010820906875
0.34693190818866454
0.32930070894544716
0.2068737980202957
0.16438889332145745
0.14136991601146093
0.18084537213020505
0.2615434618887093
0.3520267977157804
0.42086723421902056
0.39413035207167946
0.39957753210803476
0.41035112405372226
0.34455291608395866
0.30653236529051325
0.2550998634536125
0.27346809377512404
0.3213030295404713
0.3714640497798669
0.31029957652734586
0.303794474393346
0.3207892067324689
0.23381179610303665
0.2380050754994619
0.24866749782286124
0.3600678987789529
0.333702013154707
0.37050430571067616
0.32389329475831796
0.3859145043285267
0.38911525043503487
0.23114661058154395
0.18925445902818352
0.18731998890291437
0.24901870016851382
0.29774659932626046
0.34369690046587553
0.38962829691083944
0.38248749313573543
0.42138676745400444
0.4070090313003704
0.35959368372617595
0.2673569555887663
0.2995648249701126
0.3688881296234986
0.35166364813614165
0.34706189326361486
0.30083397355155755
0.2783443294207246
0.2985212819474942
0.25485696441025846
0.27342672677218066
0.26077112401221336
0.32724272375680363
0.3642062537946436
0.3659777486971584
0.4327233248041472
0.45839964932041516
0.38841409284864603
0.2576896832083885
0.24021029131924546
0.21316414422869265
0.39648585833319117
0.2937747274954341
0.4503430997308358
0.43807520138282585
0.41420446477930134
0.4603638185641101
0.43854565582043586
0.2707659023219249
0.3108569961544481
0.31008087385006605
0.3951824830503164
0.30600708710366004
0.33126828682324455
0.35160540933110407
0.34920621007798336
0.29996584561110856
0.22521852913830986
0.1671616465311442
0.18886034304938945
0.29063360161397084
0.321567466520285
0.389679684933844
0.38333182482013745
0.4164332945788866
0.4366721639642622
0.353761632508557
0.2736796113285928
0.3105432911624316
0.37019759877502456
0.3769426917238233
0.4249408804290014
0.47004235911820375
0.45599046016868433
0.39346862491773227
0.41145047044701877
0.2657929286861551
0.2426104733545263
0.32475859649404326
0.3276793099523367
0.32814070032537823
0.3060852626236481
0.3640939553807841
0.341927499849093
0.26969042201756027
0.15178179541119644
0.18481164382054813
0.19456832781653682
0.25941123026807456
0.3009702703421875
0.3779061588691456
0.35587911231423536
0.42042280112646635
0.43402807222706163
0.406558592709413
0.3345598262482705
0.33713450059285993
0.33596267614905406
0.36742519285028397
0.4370928154406345
0.4509254983983927
0.39854586881616616
0.4811962748730684
0.4063210477910868
0.22582135798820188
0.2129798493932873
0.2923528775544302
0.39854311887420896
0.3891838614671077
0.34247810194756717
0.3257537244318547
0.29409400865773333
0.271970425496482
0.18919044201694624
0.18206424470838614
0.17648523961895207
0.17688912650598895
0.31542576973459746
0.3481582010050144
0.3520596695009677
0.39168214485073505
0.42616354339092255
0.35290825667009706
0.3273662180976114
0.3036552879183143
0.39775247392884866
0.4142142151747653
0.4121066862955726
0.45500650750722216
0.4481731620929863
0.40076180444096615
0.38915472649852856
0.21043210504631082
0.25361944821158877
0.3801587693066355
0.42065899316051447
0.32417949092064
0.3344204990940959
0.35462036187893514
0.34570516491088965
0.3159752530374127
0.20999346394702648
0.1800093065584311
0.1635673337075328
0.14083063059835668
0.23868586677377412
0.3411513534427083
0.34589821592487935
0.33602966281761654
0.3978310587517225
0.4203608620465696
0.342198983294233
0.38556977901084283
0.49659189405182014
0.4383581868642314
0.37370099884233576
0.46512166506501085
0.37732405456192586
0.3432944031410817
0.32830784726194406
0.23861754757630127
0.28332996976456415
0.29329784508529894
0.3438572185751275
0.3118818441692638
0.2950769803295914
0.31284692859780305
0.31537386488900127
0.32097202813902187
0.21878587925186127
0.1898563006417677
0.1659168796907468
0.15883383138057533
0.16217808999873737
0.19557511212721912
0.29910528735588543
0.33538735324888663
0.38865029824976943
0.37211851193712514
0.426879407382014
0.3536348189682949
0.41456876217699556
0.4379991140406492
0.38818911519735005
0.3171409709626386
0.3472314945637909
0.3498277070811706
0.24772518126234483
0.16515484432517782
0.16644793590643253
0.28403608603802516
0.31705300723663715
0.32095591111745037
0.35778313838758685
0.33359799327835876
0.3543295717460667
0.286622882025046
0.26650551420246293
0.15737142239874696
0.11701115629929344
0.15263399381032677
0.141508816104209
0.16169620030644513
0.2440786371091214
0.2784326574455658
0.3191738820043148
0.324489406868122
0.3208276770335959
0.3090042962003717
0.306213335128601
0.35245346622280893
0.3405657517192578
0.37283761467127213
0.27737391771576614
0.26317693823419086
0.21560062486620957
0.20427854426640668
0.22172996380016008
0.26526544838301086
0.30014220368429173
0.3131356744074014
0.32575657562817406
0.39003878387713614
0.3567723994779369
0.29709170000781027
0.24839079073331696
0.18339795021638888
0.114283005420151
0.12374625173453004
0.1315100689583758
0.20680109207897976
0.18395031894203187
0.24572219259477868
0.31196867320251914
0.309261242105553
0.2716906646671306
0.30707707746189544
0.28802086000077765
0.2661256872641802
0.244286557115598
0.23133449347162058
0.20151729860331746
0.2399634277209985
0.2305205031687984
0.1907899686733828
0.2170561272592692
0.2821177523175268
0.3858733530403636
0.4470959771127833
0.39626994158940737
