1.0839893643928372e-26
0.0038695263420983526
0.007315655258931415
0.01063371728349469
0.013773787776496262
0.016583840618207713
0.01918969341596353
0.021647807854326292
0.024398516912986425
0.02539300976327475
0.026332287347961388
0.028067036338930384
0.03071385147327174
0.031297524857749774
0.031482385918341314
0.03493903069480347
0.03449067779592334
0.03471474457509038
0.03653527100732526
0.037415761463431535
0.040990416017853436
0.042117014887707444
0.04136800720293255
0.044989240681545
0.04837558541939612
0.050642927451041486
0.05339284665513934
0.06057462612464161
0.060491773846331864
0.0645157991888282
0.05675702496390435
0.05682006119114145
0.05169316785762338
0.04792670650449432
0.047598040008435406
0.05903402657194506
0.05809864039521531
0.05196206994603181
0.05900245229276847
0.061938410803285396
0.06769638526405464
0.07065975132634171
0.07364254946097964
0.07527170559748045
0.07479099022501072
0.0645829882825746
0.06789817084802313
0.06047709708448491
0.06499311055133457
0.06218741447479823
0.06800486424311031
0.06688870298815727
0.0870764430890165
0.08773760534187264
0.09923559762694192
0.09180297119745615
0.09941950929884916
0.09968439348656512
0.09625185244974403
0.07939633153736633
0.058561498539528536
0.05903185120881469
0.06225631015886462
0.07261329977942503
0.08040500315365381
0.08245335938706765
0.08814649054693505
0.09336290030014462
0.10512363373019003
0.10954211012347954
0.11070104719896698
0.10784569287482913
0.10922852756036422
0.10815369239053262
0.10025718764268633
0.08196830480214841
0.07789593441783378
0.07441420976343247
0.07721108900313282
0.08429611652027177
0.10570697228633572
0.1197916582538795
0.11697867091444625
0.12937698677410558
0.12547840570793445
0.11292796113535818
0.11377762822559745
0.09454162639152629
0.08609177805952975
0.08612379058858499
0.07806214828103128
0.09154356959709836
0.10506088109105262
0.1200729735016138
0.12641856909180427
0.13458098010138173
0.1399880053026692
0.14664726785252163
0.1476673782693114
0.15111265168561924
0.16040958323157867
0.1503371439733439
0.14101670003803338
0.136523820510555
0.12585427181220726
0.08617550574530301
0.10381943665123272
0.10153671799243943
0.12147339256868364
0.13222424300686103
0.16970867633734504
0.1465861162575322
0.15391133131152643
0.1466944294553689
0.1457095330303453
0.10662456756993897
0.08407988172128462
0.08797450580705056
0.08384777418484628
0.12159444971869453
0.11948954724127389
0.14363070270516806
0.15924828501887478
0.16671086912044014
0.17403539135596294
0.1906741852434243
0.19163806868554586
0.19296821396399788
0.2002527845976122
0.19102387632176449
0.18128957502314863
0.18026012360468777
0.15469728831086182
0.12244657202949681
0.1268236403796892
0.12342413559222198
0.14403074169234717
0.16507255618699956
0.16350493129723168
0.18070518162774427
0.15590776314155064
0.1638298609095228
0.17289418030322587
0.1377830781209458
0.09457506009586397
0.11033310837283476
0.12185198814692214
0.1554823050740052
0.17629695753217306
0.1840558851929329
0.19095237649452476
0.21990925931446928
0.22122789142794852
0.23269700563922774
0.21839368546428525
0.2145354922620435
0.22182461664339911
0.23450165747217286
0.21551504789479708
0.20244656916252987
0.19846974174426033
0.15728357615903596
0.14194575408890964
0.12851741850003637
0.1576782653482342
0.1792606781576393
0.20561601509659627
0.200817750517033
0.19068793865157777
0.16792877227684067
0.18115046266126822
0.10784461321123985
0.13090956683145397
0.1573974559354467
0.1566235894857998
0.18002990019766898
0.21373672230917862
0.22826894590084595
0.23006263716776226
0.22776749214975545
0.23095594962969643
0.21988522299848068
0.21798327675600865
0.20783696640228433
0.2221993707540186
0.2428616512957016
0.2433634298191671
0.20445067176097187
0.2062335273537646
0.1823205132125442
0.16452830856342943
0.1334963392594604
0.17949040216114845
0.19856499641705722
0.20571460818196438
0.20044753802059398
0.19675349249801946
0.20746948101712134
0.18674525867673028
0.14100900572285416
0.1320215281921157
0.16903625293517222
0.16568917095949295
0.20697347923719747
0.241760462644676
0.2560315767924924
0.25997818762323066
0.24296293979068312
0.2337694460118084
0.20095668484044632
0.20395905373656578
0.2264901382865642
0.2278097102272153
0.24663848434454186
0.23817418236984406
0.23273145865761904
0.2246555981277468
0.19167788757816115
0.17636988223712327
0.17817681482549805
0.1819783027263463
0.22615728339370164
0.21560519236678857
0.24180347942124159
0.19834538057682774
0.2219648718031086
0.1981335986700454
0.15609215711604552
0.15100569345644016
0.1580925656978234
0.21044319912668907
0.2351895336423347
0.25622441035163585
0.26637521285225374
0.290216787497933
0.26295735652604796
0.24208018263173828
0.21522153069964084
0.22097606110389462
0.21641384515958925
0.23444096312661694
0.2706166594300472
0.26445768752684795
0.2473090403213884
0.22340371207470758
0.2101994973511158
0.16530443321669316
0.17888396176838528
0.2049425491292073
0.24080930166737452
0.27001919133811364
0.2373458056454179
0.22252967689696707
0.23871481373171874
0.21278060799605797
0.16404407329126267
0.16617201298888393
0.18198505451675218
0.21864972889390805
0.2364917505348562
0.30301336627892284
0.30033724794576766
0.29953933295496465
0.2593174481632974
0.25620359307005636
0.2318673792660847
0.21210931776898148
0.22650363750991023
0.24941241113402776
0.2675459743805395
0.268085870157407
0.24823865553926255
0.22554321663860605
0.1733496005561671
0.1933343300410694
0.15809477840149394
0.19754657615655438
0.2599487651221204
0.2336114188042999
0.21910125918067486
0.2872650567748842
0.2575814584528196
0.23670453810712042
0.17473644310113248
0.16872394191893197
0.18525180175823544
0.26193305006825457
0.2875087740813668
0.3012127180546947
0.32183450384474904
0.29845731585524865
0.31425445054665485
0.235832218661441
0.2734045774278426
0.2986257877679434
0.2648188391762841
0.31093139279378956
0.3049463549711794
0.29525478976252434
0.26472412979545057
0.23908127149004818
0.18792246264311868
0.17071205021933641
0.19108587204516764
0.1971364650571237
0.25356729058839067
0.2323395968721047
0.29066676941395875
0.25160027045749844
0.24543635204474193
0.21078555308313393
0.19104798739560377
0.19071145901455755
0.1873046693320986
0.2469798219242847
0.30865491499012115
0.32077979010196017
0.3481522216600059
0.34769344471881186
0.3109388257186213
0.2998718734868515
0.24999148371959024
0.2629146303300813
0.2948365687637921
0.2974382659964666
0.29790096284019946
0.3217701116619471
0.2943045950701359
0.2731363316729105
0.20676385185238463
0.1726229817158107
0.17570304388831195
0.24664353943585632
0.269194150773881
0.2818509283620803
0.28539440035182084
0.26601756969649326
0.25779217388972103
0.24949254786607855
0.1938648741510652
0.17918234562877514
0.2096784750124127
0.2503491947744605
0.3075740336057572
0.3026979092022487
0.3324410334536377
0.35673709749646354
0.31669726980820434
0.3427684340578174
0.2993249666681906
0.2887612542034015
0.33651203713690137
0.3068562032748955
0.3616443067739784
0.336048827675854
0.3115047683727939
0.23895878628379116
0.23067167660242224
0.19598024024938138
0.20027357091415623
0.21085697923992644
0.2723477462273939
0.3060874066669976
0.2575998034422037
0.29164422792052275
0.28835113929196987
0.26641297758311844
0.20101425858178296
0.19568762224598923
0.212266300160458
0.2858318931321636
0.3049608694410206
0.3227449043900213
0.35622414985048273
0.33645950971256133
0.34850922563724485
0.34084954993535554
0.3271914918388104
0.3391404335771368
0.3644404794972856
0.3542681901454601
0.38417122670977777
0.36617503546032015
0.3243797490510236
0.27284233394998686
0.22233426213886553
0.19496755352003223
0.20160793472281852
0.1880551575061494
0.31421099746849174
0.28865486938646695
0.23596582252451598
0.2931600948424506
0.2495201837608465
0.2660962999835537
0.1965931967398125
0.2182536484578492
0.22528915555763065
0.3144604088084416
0.3336889056008677
0.3363139525280572
0.3852784662552086
0.33300253577456357
0.35589782919209595
0.3185072411184351
0.32455810225442766
0.33200427529512716
0.3256745584095932
0.3836278578767192
0.37511856239558194
0.36702650077625915
0.3478016613194425
0.31295380291025027
0.27667680380418674
0.19036523255812812
0.21348535787886042
0.24854673527552576
0.27352994329381514
0.2644973552218563
0.30194065270049825
0.29485383037494495
0.25713686741307384
0.2275756986398898
0.2101757213170632
0.20597367809667266
0.21008695536014116
0.2894474133279931
0.34845965466539336
0.29391053904182557
0.3265915182102865
0.34442151859927556
0.31595900431101936
0.2916755933200355
0.2353243296680629
0.2646774442502913
0.31389454214428225
0.36310855769100875
0.39247683415332196
0.35539647745905295
0.3498507686380254
0.32790024520145866
0.2931916450759034
0.2338127440869555
0.2744377221076019
0.20473951553529998
0.31560258137650926
0.3200039639786368
0.31730492425268475
0.2912411048854954
0.27536512749711556
0.21611251256068256
0.22318269150669628
0.23859409700221113
0.22751853358804633
0.2923390723077983
0.3619434872932104
0.3291577170114715
0.3305607966089399
0.3143178649798154
0.30613677251118415
0.28297812223017865
0.2601558567223183
0.2205113478658706
0.2775147359668541
0.3565466241760819
0.3618146445663792
0.3351012701075062
0.3450504328205902
0.3472590235852081
0.34052437427914367
0.3221713873697287
0.26680264370491125
0.2639108238501633
0.2829314915232104
0.2766545593526507
0.30231613699163984
0.2974498781160645
0.26699595086309497
0.2580882293479233
0.18405766340322
0.22384873884609746
0.23230456188415952
0.29573526897692404
0.3290357402128986
0.3315506000032273
0.3419988955867165
0.34791227120462886
0.3276641332833848
0.2953063413709414
0.23060895322430938
0.2114979606683178
0.2156190551595219
0.3021376462387738
0.2922997047120132
0.38295562934729466
0.38715049271600954
0.3303517008750545
0.31338865767497787
0.27888336170978983
0.2936007157825252
0.27424716899555907
0.28527701013377604
0.2538029033690662
0.26368414805002105
0.3120887495213638
0.2837057642064279
0.274212589958809
0.21591502913839022
0.2208498069159937
0.2171976115537322
0.2909674230099128
0.31396862769936434
0.341185677781424
0.34202676102390595
0.33027991446135596
0.32794016140383814
0.2669701629123883
0.20020720390746427
0.19522304828495154
0.21804640350984378
0.2805660214472663
0.33772810958150873
0.37483097744767924
0.3534978437346586
0.331620281759932
0.33261783988913046
0.3018635326337615
0.2646971531534562
0.23237388924756538
0.25627113219281
0.2753718460653974
0.30999193687199816
0.30597606794835974
0.2508432728680595
0.27057671295524266
0.2059027256472812
0.23916078256411422
0.2608405325427883
0.3055507779294921
0.3214676002822154
0.3632156148358493
0.3196906728677287
0.37755729500569074
0.3292247447227204
0.2699181502873118
0.2435302919736621
0.23727642390740492
0.30085375025371874
0.3163931783986556
0.3463871975035565
0.3645507465295486
0.33421266050213866
0.35367813246726265
0.309591088914349
0.2654157603032817
0.20355276401711786
0.21277271987264254
0.2864605838094685
0.3046356964741316
0.27516205912331787
0.23298894097648196
0.23599191874124226
0.26892748492658985
0.23050688098332828
0.24587297836874006
0.23741978922569482
0.2806041395775788
0.31722796890019195
0.3453000173982782
0.3788893862422659
0.40850618655554455
0.3342896386835436
0.29020925381920554
0.26332559095317337
0.26110026400181446
0.36341497496922537
0.3139704068349998
0.4093474102646229
0.3872189471244995
0.32420662292432884
0.3712948871123177
0.3585323012098944
0.24011360739488516
0.23455687478149406
0.27336554638457683
0.33237788111433914
0.2545309678959059
0.28091752531725517
0.26052157873835763
0.30128006785157524
0.26887416967864114
0.20154147520680538
0.17487633859812446
0.20439034439935727
0.2770482519716293
0.27921122454252323
0.36490398482901404
0.36509309023090675
0.3706856902993691
0.37106489936363396
0.3536593044465687
0.3071895495526246
0.34675219646646294
0.40465430306354877
0.3832431900040905
0.3762014371901726
0.3798376766158033
0.3695149107226863
0.31877999543216734
0.31158422711850653
0.19643028048092775
0.20596332242837534
0.24473145682478428
0.2692573443564509
0.30576104862907255
0.3039481355964617
0.3286831068992873
0.2565867679204409
0.22721917450446258
0.13719059769431183
0.1663687126209225
0.19030144967386617
0.210726028507663
0.2762942578045568
0.33432982121703214
0.32730414123242485
0.3599954158529346
0.36952097386324606
0.3416140419926904
0.32142825189376756
0.3516778765537101
0.3588142843555482
0.32829562733116624
0.34580780783752174
0.3578899645870239
0.3375154573420531
0.33555124900049854
0.31322435204529386
0.1751068946462723
0.19551600977273528
0.2494749416136887
0.3539437013779342
0.32409329319555474
0.3153540358734417
0.2725952354470558
0.2626798599895688
0.2237586091849091
0.15201286011664114
0.16869833564303613
0.165030953905162
0.19831786471412013
0.28734331795217727
0.32419449928852956
0.3391023842285937
0.31834080409415855
0.3790503641991393
0.32248999085923236
0.31745716842343064
0.28539440506454594
0.3375328324703734
0.34590619169468806
0.3364328858145397
0.3517395434774225
0.32782799961976483
0.28157384649853395
0.27357079328829875
0.2019693247677808
0.20162270308584948
0.2900695775132144
0.3420623766028161
0.26990189778999774
0.2780150464017569
0.2965878745700312
0.2952517976256138
0.2640491972687209
0.19965835629976408
0.1616863584251623
0.17283028753625856
0.13988064321736407
0.18886751602491061
0.28241895532818956
0.28025158090846264
0.29526337373134914
0.3189877415715771
0.3209388256571857
0.2959392300361087
0.29707628242828826
0.362503715431522
0.3554061703278769
0.3142842724463409
0.33973994013419784
0.24972809395803924
0.2325138315283522
0.24777767804059794
0.19868974257655267
0.20925409684861454
0.22791630979696753
0.30925737253472013
0.2864264882753234
0.2635144656939535
0.2677487745260503
0.25182806410604003
0.2730252137727597
0.18434407521852217
0.16511286643566883
0.1772791503357127
0.1454244488371021
0.1728697527757802
0.190401337864693
0.22595431533738977
0.2578358696807376
0.3277373852204182
0.30953735205327554
0.35667667333671205
0.31553445736099717
0.326671531503297
0.32922506243173205
0.27878533471241224
0.2117356848274412
0.25739604552228
0.27617165896604284
0.2007735031973465
0.15726533679708624
0.15698917656568742
0.26169968694729945
0.2692653465084132
0.26957136330062903
0.2831273506875251
0.2851176899403512
0.2947401084557468
0.24155918614758629
0.2722603480582672
0.14559415057995667
0.09712362727213966
0.1404879596867979
0.13320995119449178
0.17494611917480343
0.18172851062698128
0.1882750695427822
0.24039406619852086
0.22895657507601785
0.22702316706392497
0.2250898508772273
0.22256290389303676
0.22469344513369266
0.2071601257348532
0.21838587564069728
0.18767494050208197
0.19038558136553302
0.17992459881727838
0.19115831161684999
0.1998479220008022
0.24866817069401062
0.2741391853238784
0.24700511386762242
0.29019546329163065
0.2969262757082801
0.3224632588563416
0.2333807494407758
0.22015555691081926
0.2082496721193746
0.14374828271164122
0.11924102481217713
0.12044929340797851
0.16963593313351766
0.1745766981784364
0.182994382307596
0.2076964187761624
0.21668723480065957
0.21933784902568437
0.21258726834165834
0.22895574975277008
0.22135737822554188
0.17750383590879187
0.17057495447493168
0.17834711530516137
0.18272662632508452
0.1728622497899106
0.18369232755397724
0.18932743216446768
0.22752628871220157
0.3071292129822569
0.3452539886640315
0.3313285006550505
