1.0459848040314083e-22
0.003842871036014831
0.007394944070136291
0.010494182765477658
0.013811625329313276
0.016427688728717228
0.018893347965110215
0.02170382534368351
0.024706113768633898
0.02568800305555556
0.02648028295782159
0.02932355015655731
0.031679979924496685
0.03273928654546521
0.03348506389607883
0.035361142394752666
0.036121966363846486
0.038165771787469376
0.03695988382526042
0.03752230940170175
0.043520526796401136
0.04324448754537556
0.041463423677902324
0.04555026293702365
0.047649882113657914
0.04878672890857139
0.05180479282927459
0.06173201769177116
0.05354032623673341
0.06300012879613245
0.06011259266215904
0.06078789337253595
0.057000808299110285
0.055155255366372
0.05731169422087047
0.061330093480991464
0.05901039354380808
0.058339689543480004
0.0621181458394247
0.06124652054333786
0.06788392331305165
0.07304465829129693
0.07465681980266069
0.07523421183563608
0.07681719933817648
0.0650543085168734
0.06522106388402567
0.06364448931381902
0.07068744100150837
0.06485883199006807
0.0794119331581766
0.07997372883268437
0.08757201056707399
0.0879914396847771
0.09434990454350511
0.09104689899737592
0.09246912323979563
0.09840636503127079
0.09749285952129184
0.08525524796371223
0.07734890938225505
0.07421984496711795
0.0750865892322685
0.0787291637183518
0.08833977920959561
0.08404194054058586
0.0982179786830973
0.10096590376473072
0.10594522691108078
0.11134392562716913
0.11274513369645385
0.10605288016190179
0.10776305367577761
0.10333840423490218
0.09685489332573947
0.07626267453417078
0.08080246313258814
0.0816013170058779
0.09006578746593387
0.107331505836854
0.09354274422187567
0.11289587910775827
0.10752858307636236
0.12273775731777246
0.12048756212519765
0.11106886890158177
0.11435322318905741
0.10535635112099999
0.10436138829844147
0.10525885680253806
0.08875076719225851
0.09278879372814201
0.10991577172403105
0.12150117936556583
0.13179006730206333
0.13709455546171523
0.14578921273273135
0.15330793552058072
0.14769440978938791
0.15151240478911893
0.15573398490816998
0.14685837713295521
0.13603683045174628
0.11703331990340005
0.12603821075553825
0.09104738146017449
0.10648629551720758
0.11506819284372552
0.12332836957246689
0.12783406755670115
0.15878664361803033
0.125409185261465
0.13633045808952607
0.13346288969068482
0.1469081336596753
0.12243722045877403
0.09289718053881912
0.11247601100788084
0.08912636962023272
0.12372967994635287
0.11507218579013939
0.15021837247029982
0.16191135541032986
0.166510924520728
0.17772809408060025
0.182313988786549
0.18367427379189616
0.19403851290599472
0.19775647881675948
0.1761814689953147
0.15942946543552503
0.15441274791073195
0.13300418913681497
0.12410344957741577
0.1430886933112036
0.1484589422825824
0.15200055351977584
0.15272921018998853
0.15785524842245216
0.16441831716941266
0.14298304657418162
0.14294814372567127
0.15449007817332824
0.15149121874365026
0.11615578179577841
0.13421423762786636
0.12238927833861869
0.1471325606847413
0.16496167338480183
0.18365993202862432
0.18578442736777803
0.21740789455453408
0.21499534588974642
0.2200158271165003
0.20220175413499558
0.1975950725993908
0.20547950496421322
0.21526831435404972
0.19602082790444064
0.19335550631527187
0.1757744138277763
0.15114027791741114
0.1563972788326117
0.1474677440021483
0.16409336227843677
0.16582539692149004
0.18629646020388851
0.18552788069509
0.1830594195378366
0.16451438391240747
0.19146332521444456
0.1273847418173379
0.1363462609137731
0.14795842729106937
0.1679790697386941
0.17494573181036677
0.209858443165046
0.2348566596149809
0.2315457070542195
0.22704647437638648
0.23943374140846577
0.2013406395993716
0.21448865606948056
0.18151932352008324
0.21161968416217006
0.23716386440858975
0.2289404473937104
0.1926184587141845
0.19098451768686467
0.16698749870829838
0.17917019775689944
0.154011780219282
0.15519378936033354
0.17410465710535047
0.20094666606974423
0.18517272906122426
0.16576218707687101
0.16942655131951784
0.1835878972892454
0.16040564690594808
0.14598633481902298
0.1780892626765255
0.16566458440790488
0.2054514514093639
0.23252814408583777
0.26959150840921026
0.25920273772953
0.24010903018805435
0.23612948092519978
0.2146500017539484
0.21228463888101787
0.23534185550082587
0.22550569116558192
0.23840864967070802
0.2177420321824987
0.21399044208283133
0.20319923559344943
0.17906159352514175
0.1732831588073384
0.1870565318285262
0.15806490841585757
0.19956463916364803
0.19961346716239253
0.20340765872977112
0.1638023066239787
0.19396445999825332
0.18000165708766883
0.17037463130129482
0.15305488653436744
0.1828672408368458
0.1891060606311794
0.24397194214433274
0.2459186784337153
0.2643577615306155
0.27241980730990606
0.27409424637999225
0.2574199513780092
0.22566277190185413
0.23712417538945285
0.2254980114513355
0.2544411582024565
0.266618655104701
0.2701916741466917
0.2358688441927283
0.1988182591304778
0.18946133217373284
0.16428754886672642
0.2204464076492819
0.18082379287493833
0.1990812817427961
0.22147126624687116
0.22043650345821764
0.19903930976804132
0.1964052749707567
0.19330597034184377
0.19228122445126272
0.18425400467685848
0.18735159379140123
0.19765581348181718
0.2212090303795604
0.2750948612130566
0.28711874092538037
0.28650806040203347
0.26901406821420365
0.2446122285958943
0.23917522249942844
0.24248798132838278
0.25788075431912777
0.27690513681776296
0.2863284301681819
0.27265759007197815
0.23701579993472988
0.22023410426403983
0.17301315374448437
0.19415759746294273
0.17815996400621464
0.20949629715919071
0.21461978231869921
0.2005475285016256
0.19249241988728388
0.24006219782011992
0.21619896695033505
0.2173161007734991
0.1974356731569939
0.1741767891967933
0.1928115430662222
0.2559445933498662
0.25940858601132866
0.2727796969468433
0.3153673701093283
0.2750218102348733
0.28925246686803957
0.23844732180926473
0.2822561033734595
0.3123950242922623
0.27242070632486654
0.3065176550540689
0.29422202606187825
0.28197713207322805
0.2504290674103958
0.22184307217099358
0.17935933654980887
0.17082582772176164
0.21415011944275333
0.1957935672887963
0.212454770476928
0.19147567785056063
0.23833179558200226
0.21330984883028706
0.20890227587309873
0.18541545226965753
0.1820373242830288
0.20556586803449092
0.17639068232407207
0.25476412425409617
0.26928496512354816
0.2827709887612981
0.32697195348385805
0.31505001981578795
0.2729437744696912
0.27519644999265536
0.24389599161608452
0.2708171054971962
0.29430515515258837
0.29942766002356835
0.2899040580273193
0.3100905714175974
0.25972867273120626
0.22840348465251317
0.2029841661837012
0.18862243287180505
0.203424400076088
0.2181143973821404
0.2290279453138862
0.22199993262404302
0.22482541124587582
0.23044876555368782
0.21811601488833143
0.21473766554012508
0.1875532958708813
0.17249369138059775
0.1971968228219882
0.2180228255876893
0.24888606557280613
0.25746189177386797
0.3236564597582331
0.32434179280285635
0.2777966912400412
0.316210478179951
0.2948027656944055
0.24531578524086398
0.3372228950390971
0.29933921747511005
0.35319644251678095
0.3022727409215589
0.28023813964945127
0.20289955059554018
0.19611232171785073
0.2051469663656543
0.20970554454848297
0.22175681212856832
0.23565118005232127
0.2349482718652311
0.22533663886385338
0.22523698942433534
0.24103778574846105
0.22096128755738675
0.22537203649528856
0.2113473550742702
0.19251133367991638
0.24474710041689554
0.2581512275261871
0.2923884672502379
0.35594372480615577
0.3226680534747133
0.32640649168399205
0.2973840347575739
0.31671367690092966
0.33071764126091824
0.3293443459041685
0.3301571298184425
0.3572364071578673
0.33886940531816173
0.2854410447059681
0.2296129900883449
0.19809727971945298
0.17637195903331682
0.19225119998235624
0.175035583445716
0.238494750308524
0.2432742576039942
0.19461805207366542
0.23625572771104877
0.23432333253054963
0.2526147737410532
0.21223687952104886
0.24096543882177227
0.20212038576743904
0.27586179422122586
0.30448894210439875
0.3050867254861103
0.35701694619656416
0.3069248332827213
0.3095619760894807
0.3142569738125347
0.28827908187314455
0.30081073733752334
0.3037206870473915
0.35942512011160405
0.35834818891670034
0.34251818090909547
0.31110426028450894
0.26459585359016813
0.2569338561688262
0.1791402555616915
0.2271994393913053
0.20734148589734194
0.24240949281439628
0.21371479373652277
0.24789164464912775
0.22442784849918299
0.22076400812647629
0.2093767254239556
0.2090420101367647
0.23524525809336422
0.16226062795658366
0.2360415461604009
0.31979710372543746
0.2805561706172941
0.33185857866971774
0.3432576783171823
0.3126296977521656
0.3335893473308079
0.2527514413603956
0.2850303799693879
0.34007649854785715
0.34512330588433526
0.3552696691012989
0.2986316129904623
0.3156350122682641
0.27104523576924106
0.23227960540181108
0.2370480372040444
0.25224340959444913
0.18699262678243886
0.2997173628206492
0.26580318096362554
0.28051341614085007
0.236099864175134
0.2413671177888377
0.19825181948911716
0.2376461013308952
0.24695525893383785
0.20480685195960768
0.24286964771925415
0.32575964325608414
0.31578972571080693
0.35457679520096147
0.30509886858259677
0.31974949610454995
0.3036311423043901
0.28782061282271376
0.26518339179747064
0.28417417565917574
0.3476297661438749
0.31570329995109025
0.30505317929762843
0.3149430566178955
0.3112422856864494
0.26763408628423546
0.28757144607421137
0.20797227668472237
0.22338804953156816
0.208389750508926
0.25043061871169964
0.22055563619231539
0.2549062801840041
0.21784293332360904
0.21112593629054782
0.19330580210504425
0.22323467570817024
0.21447589367484646
0.24752781112943054
0.31070040739714805
0.31731189799171494
0.3714589160041346
0.36584957999805756
0.347921316808915
0.36055782326101243
0.3069021058757848
0.2876751155906865
0.29171537020834093
0.3455650673980068
0.3083794683078231
0.34097673758541275
0.34764084607374257
0.296935596313896
0.2483664885400402
0.2387964960165016
0.23308534573397946
0.24723946182483167
0.24216416011597805
0.221429543944123
0.19931074342477526
0.24845699937064103
0.2491551763531087
0.24260555714246268
0.21977289990340784
0.23074556262274895
0.2168617258336187
0.28242586362474237
0.30264596011093875
0.3500501812429966
0.37043731048589223
0.3524350915312506
0.36207113025830384
0.329044928465891
0.2783229588758559
0.2878132449147371
0.2893355755176398
0.3551281257140058
0.35118561810749505
0.35306567436748243
0.3362599409781656
0.2909393196488314
0.2565139969512324
0.26210870263342506
0.22701729945665766
0.24044393886608983
0.2441508465980131
0.23635141039270563
0.2491901398183753
0.2785840037777787
0.22117826063354917
0.24234608279699546
0.23053101742792811
0.2274884351711593
0.2734068203908389
0.2573446753785452
0.3076332194554606
0.368503464751816
0.3646302746456376
0.4076261905537893
0.3365377593956558
0.3366973863106572
0.3294812786251661
0.3059536661322371
0.36960302577751725
0.36599764822310304
0.361587892545582
0.3720806773493924
0.3178640379497474
0.29686128856765504
0.23402646401510407
0.21061530756965324
0.185467530774194
0.1902357098785287
0.22338098862084993
0.2397859143320808
0.20335183519755523
0.18022407747639438
0.2182663403410112
0.2519774149246216
0.23516628040055798
0.22629959094861332
0.2253134415936098
0.23467924968493686
0.28566040216186916
0.33384578546167953
0.33862315392737136
0.37513967152823813
0.32881153335751884
0.3376207364176541
0.30653119187790556
0.3221571451449844
0.35405085586567
0.3320816915028446
0.34680387240315647
0.36604332609504336
0.2692847650581911
0.30749051176765435
0.278732360266104
0.2319214874477673
0.22160637629876173
0.2597679284071695
0.2567264470577074
0.23083495313390376
0.21778293958778655
0.20255893478309703
0.23840937815869964
0.2609296188861678
0.22863866651738812
0.19282771848940908
0.20908691433106988
0.26683011655064837
0.26478152900862634
0.33724663975151775
0.33908219703722575
0.33573524843794356
0.3413466070625291
0.3435814121040682
0.32968999024916745
0.3637387066655073
0.3955171622088411
0.36722914837429765
0.34549805352294166
0.34335293021726576
0.30474678294917096
0.2577262617660315
0.24369841567142772
0.19943390392982505
0.2255323477047737
0.20923900088559502
0.22926010552299428
0.23570930574016374
0.26263764153328584
0.2485887665985846
0.2020239392585425
0.21476664952063804
0.15128648501538366
0.1703300750007942
0.1861038929376182
0.17828226239038195
0.24496890290432644
0.2917342558524501
0.31235438248292763
0.2938046042514577
0.3091908597992927
0.31304105062823306
0.31690029960684496
0.3816469376342776
0.35604908724416934
0.3136134836550136
0.3046295169888765
0.30375676837119503
0.29294577305429054
0.21903441754201086
0.23877667901273714
0.16486172971418292
0.2369455676528371
0.22406532694755166
0.28800680679828516
0.2663942887979062
0.23134300897150745
0.2169347317784727
0.2430153720715928
0.216995157415463
0.16660602905607927
0.19100884476933286
0.16230541302141693
0.21458016882170752
0.24477444002587018
0.278095712032852
0.3025119105850288
0.2520267223593832
0.3223624979867753
0.30336633178332134
0.2989284314295284
0.27889885030792627
0.29051206292582604
0.28878121803810425
0.2979253877215663
0.287577714590028
0.23196691049015145
0.1842826879877484
0.21239963531502656
0.21173558208626575
0.20854740332830107
0.22733006679572376
0.28309005220740485
0.20501404828425795
0.2262873598546427
0.23073466551021077
0.23998086957778242
0.24012516228608993
0.19926177873212172
0.1689901393977627
0.1988163405881032
0.15392761986618647
0.18888018427621456
0.21531267036414561
0.2155992974327727
0.25689829040596684
0.23416693717992523
0.24288742487983175
0.25987331827697396
0.23196748930476596
0.24298245704694274
0.27119085311710034
0.2634601903065827
0.24524145977021855
0.16680521409759735
0.165069712977
0.19949330801629092
0.20428908930258352
0.1988799988935328
0.20401031107621476
0.2947010394634063
0.24469555493939754
0.2146395444894528
0.214459605014564
0.21531050194138412
0.23892421565908284
0.20459028602641394
0.18786872244173572
0.18107128487428242
0.14013123072745354
0.1805071931018029
0.18542891343054585
0.16954300912312098
0.19890825298764503
0.2502662248196859
0.2506249717335358
0.26315902534452656
0.2561173313286078
0.2583610930186208
0.23492111152256073
0.19828272712497924
0.16294812208703466
0.20648555486429382
0.24266868265348554
0.18671697308316035
0.20098265352410866
0.18458201729021242
0.25372013081069456
0.2516410378051921
0.2259913228169204
0.2150899288139712
0.21596224429964417
0.2504060380889065
0.20667227990860706
0.2794641418948711
0.16020646434436592
0.11691784266437275
0.1668303254225509
0.15014678833243766
0.1706647175017645
0.1528836551057482
0.16024108026071157
0.17041903274284745
0.18337708588643387
0.19061245428967266
0.19392111459226483
0.19000773638075463
0.17124803061653227
0.1712851260631047
0.15346880597535967
0.17449650315716386
0.19139604758316667
0.19101730609408915
0.2003938279421281
0.22976047863829338
0.2538930917902517
0.23483633779853108
0.20093802360925173
0.24692943351873267
0.224887569407295
0.26861404179511583
0.20985651545451192
0.22451096681162697
0.23994145898364888
0.18626111840327803
0.14714859132537975
0.14297516116867898
0.1658487177845739
0.17056077256189905
0.16325505293064885
0.15504401042017976
0.16819164789524918
0.19397453570714387
0.17219146797339907
0.1923853625873998
0.1994426124614036
0.16723065085449781
0.1636607782821778
0.18866724723156234
0.18749123569402096
0.16370846638850625
0.207961085761284
0.19363291338025312
0.21845987206870732
0.2620221367053674
0.27779958730713306
0.25452178829114125
