2.0402345218388284e-293
0.0037453454846078193
0.007457448349026421
0.01060014337498558
0.01443016177624649
0.017810559758402705
0.01989229951843139
0.02314014923601158
0.023569996101551638
0.027289978266285545
0.028018691622321484
0.03020155122473631
0.03208866057249271
0.033813168792421064
0.03550319498801438
0.03727443872166863
0.03811905371206602
0.038568098757503576
0.03893255072257372
0.03838861876261206
0.04299503512468365
0.045573181314731606
0.045755752248616645
0.047511057968782404
0.050495303161370755
0.05837770903345027
0.06024889435570132
0.06249921857664839
0.06693540143717623
0.06677634045408455
0.0651844723690427
0.059873415567616425
0.05925294726560311
0.06250167224278101
0.05993001896916707
0.06100643173725355
0.06859540369668585
0.06652934516655097
0.07432791245271714
0.07719560032848322
0.0817168129974157
0.08368439583609462
0.08802337823410097
0.0872033500231923
0.07454774891906225
0.07568064114447647
0.08525419281590708
0.08376200001898848
0.07740583996143824
0.07932850007722234
0.08357826682648059
0.08441593507570967
0.08336880338336099
0.09432880725762656
0.09803728013792708
0.09602392191436718
0.09982830963182789
0.09447017195129473
0.08966569936310857
0.09411174053798055
0.08511360810337823
0.08040979718851424
0.08001034605617234
0.09478282502655606
0.09106001401594223
0.10932647032075841
0.11504286491685664
0.12120047833409842
0.11644614200811303
0.11667217382518487
0.1217094796323496
0.12316582435303167
0.12488215266390433
0.11685765651341871
0.12368312216029227
0.10373333548854445
0.10383277251779158
0.1149398968244002
0.10634709620579903
0.10532759693730717
0.11408143330671974
0.11894557363412626
0.12415663049643075
0.12350875726594103
0.13353425889031856
0.1272676175794018
0.12308802598728504
0.1127208034954483
0.09298493219086054
0.10932760880110591
0.10796525480091618
0.1263723950049757
0.12844993590552983
0.14467653470442918
0.14248064821242762
0.14849431760700127
0.15541239119296885
0.1531023253976324
0.154064236802747
0.1674540333460912
0.1643962459560322
0.16119893758211565
0.15245946004003244
0.13248327996307818
0.13682526807122403
0.11816391866148303
0.1258080702329024
0.1451871286815561
0.14751268118114963
0.13222008568060883
0.14921966508802706
0.1482154521518509
0.15406247024952374
0.14802296558096956
0.1485192854206867
0.14190884182417246
0.14273939301296426
0.10907385878223963
0.13710801078182014
0.14678432472760086
0.1494170412701757
0.1714751105604034
0.17491011544265264
0.17317483835419706
0.17282712136361983
0.1880041891021756
0.1718450159055044
0.17793943896146325
0.17600253975125046
0.18586444490963905
0.18204234454369916
0.16731925560821953
0.13779425383710472
0.1387044994225438
0.13886236904465007
0.1564039251021574
0.15723749161066491
0.1458039525431417
0.16465806955735882
0.1610077591741134
0.1736431876810002
0.17113901125528674
0.15512237689781333
0.16986094979980945
0.15885022337719387
0.16688985945912202
0.16521714613383107
0.16959510796988092
0.17037951074797814
0.1920340169772742
0.20355044217248758
0.19084283886543663
0.18537217292255295
0.21158140082768173
0.18130618795932968
0.19144607175973397
0.21169256847061452
0.2124206092920237
0.20120434823284952
0.1911843770465496
0.16736883074766074
0.17522848798620252
0.17100120650632727
0.17560453104045087
0.16410573264720926
0.18841791220474713
0.1633674579591785
0.18072512273459448
0.1996519741068024
0.14629511638797235
0.18394079687204104
0.1630735158629094
0.15752251171304207
0.16403272914677203
0.17110640167060462
0.19625456487767395
0.21785964107763497
0.23185929293262905
0.21090577360118237
0.20686710753781998
0.191349666840492
0.20433961997380756
0.1958856338286165
0.205737902540087
0.2202659814366417
0.21546508152231722
0.2218790738205056
0.20728275554944392
0.19623877840955903
0.20238214526981244
0.1750705083402308
0.20059986406435878
0.1730059302452872
0.1728698328556645
0.17180716240711147
0.19524652981953847
0.1858895696578017
0.15471529076285157
0.187753917483365
0.16392069278411553
0.16249682815931193
0.1593136473970914
0.18133996360057594
0.18758307964181364
0.21049289190081527
0.2192263863196514
0.20572368516227516
0.1796135098585081
0.17869320724411772
0.1720853756016645
0.1825433933750991
0.1721835824372692
0.2187974164733129
0.22675876232098247
0.22879339089276862
0.19034471599715172
0.1864469486192205
0.1770419047009866
0.18213184310477706
0.20118186242559088
0.1961193467256411
0.1940425251251011
0.1903929711776547
0.19444155317798353
0.1976799981470246
0.190869206561241
0.19090856384771454
0.1435173899122862
0.15228374502175918
0.18273303432970048
0.19274024781486715
0.19678733585476912
0.22723220010755418
0.21498514263836976
0.2233949112321499
0.19361197497923963
0.1550818155713733
0.18682147853950135
0.201396835638693
0.195685408340866
0.2178092441152514
0.22076021494603276
0.20775367510544787
0.22546653307814646
0.19588389552614716
0.16602680920380036
0.19227276602675172
0.1781765074191457
0.20156523910658658
0.14933877753579985
0.2306990843490382
0.18473124998624546
0.18647460806397267
0.20866801855739245
0.18723797887288585
0.1754990977777477
0.18351344205769662
0.1847162310658884
0.19978211350153297
0.20840703510545963
0.25008937040224166
0.21603345322453207
0.20448943484318033
0.19651689782416823
0.17747468577464204
0.16401844228312926
0.18526728998326605
0.19303823176739532
0.21593337207216393
0.23468029115988973
0.23895149941096322
0.23955465339868795
0.19273527308712374
0.18086933890185086
0.18539006093558907
0.21711679623774827
0.2110521197501263
0.2030393227091613
0.18735535017802993
0.19742249365170944
0.20151402165821988
0.22289027640128745
0.17997322899144982
0.19548550746953713
0.18714918188751214
0.1906776789196782
0.19781972852044621
0.1996188761044868
0.21576287042311829
0.2140172546261597
0.193212814834307
0.19477081264108223
0.19765562956497595
0.20426306407423686
0.2250357591494206
0.21459579959096395
0.2493858438244495
0.23850567347498644
0.26360850441914085
0.22670498502218836
0.20740878652952915
0.18332255491992897
0.18348025581684518
0.19979674204262776
0.18945541377266817
0.20475522663156395
0.2131953352028642
0.20259500011728482
0.21949493990197752
0.2171921685845616
0.19493332670394664
0.15897533054199245
0.19445667665935354
0.16339653418039088
0.1824596393906533
0.20379267921602498
0.1879270298887692
0.1838638270512072
0.2323461331418845
0.22747406623934993
0.20667948898602662
0.22860648022473049
0.25123013080408846
0.25956609671413255
0.24165490920134364
0.2699417112957699
0.25339596476021714
0.21297033596038065
0.19310375359657142
0.19077678063070685
0.18399810666572095
0.21838376945046636
0.1973954309450025
0.1829880640919243
0.1956517070012787
0.22131361143194092
0.2056030551177593
0.20246225035493118
0.17742614954597985
0.17969919992270733
0.16814870715439367
0.1643378366825209
0.21797903654687725
0.20736347057501578
0.182873689575986
0.2018809427932532
0.2212228812725589
0.2058345027494095
0.21937312464704503
0.23740070725400314
0.25299217258938966
0.26765012411183753
0.26702333106402837
0.2655108030855244
0.25230244175992494
0.20776996677751325
0.20383135312487016
0.1910024037717765
0.18759861964257718
0.21326594824390901
0.2240703577369138
0.1784017831757028
0.2062896345235277
0.1850772052303641
0.21491031910905964
0.19543728484081263
0.19081091438439704
0.16849027399450694
0.18848735625208737
0.20433545384701002
0.189275078038689
0.18001960321238478
0.18944095641440423
0.2223352228474347
0.22463778533320697
0.22966294454168826
0.20863099621918405
0.246728915482603
0.273719071301385
0.2563851641084274
0.27822948571644995
0.26803919814750693
0.232357819117474
0.2342255113254166
0.21441366127686762
0.16186749446478074
0.19027525045102725
0.1845223807329711
0.22695554921036434
0.2297889735328355
0.18623322788139576
0.23084312270932925
0.20700620796704045
0.17536516430146917
0.19928620046645704
0.1913263657000011
0.18411295639625821
0.1854440491740042
0.1934699379686717
0.19498178393275084
0.18557034659353805
0.2036486598592365
0.22468238398039633
0.21640340426927257
0.21101636134519028
0.2687164281746551
0.2559659037562627
0.2769917782337228
0.25003387079772166
0.2603229234326994
0.2105663950174058
0.21495147142086962
0.2010042583814582
0.17966876598289622
0.19538535188014947
0.1792596656061191
0.21573285820611454
0.2173392469109717
0.2107681208245475
0.24042219303524967
0.1910277897749753
0.25046348227841303
0.1868776141366308
0.18510237298083573
0.17986216766296895
0.17028985129510837
0.16586360876791506
0.22248433638712897
0.19474318347225178
0.21325773136177778
0.1937751419212216
0.1826869524343391
0.23852787846334073
0.27109313263300494
0.21524307800177603
0.2553060850696487
0.22714283947587235
0.2394034738270715
0.23457612015710455
0.20307476318785705
0.1912284974035761
0.16655746539291516
0.17130746595527266
0.21154727859185804
0.21425589949659193
0.2064339827897115
0.18930066879917773
0.2529878654154649
0.23812144714976852
0.20752355161908403
0.16212277336435402
0.17113128874144037
0.19081702161906938
0.164441394292027
0.1614281564172951
0.20878930881918503
0.18927175207920888
0.19227274979572878
0.21229113125525859
0.22810658044392004
0.23971075650191823
0.23988743293564715
0.24938194942934724
0.26965851238309885
0.22253152202599963
0.2545303942171246
0.22332787047377034
0.1815160512098086
0.23694893140605794
0.19092229783669779
0.18488679731096083
0.1775005597810863
0.21982535646435494
0.24699982674247142
0.215985032949715
0.20517920043812368
0.21592855520583099
0.14964972051647513
0.1737272139586112
0.18879083363917562
0.1701473910839548
0.1988496043396767
0.19991938568626277
0.23050785216193526
0.2097532742533777
0.2048442148201379
0.22631430405126096
0.23368000868780198
0.18952297626205378
0.20183064477432527
0.249530190086182
0.24723403831310883
0.22768296380145298
0.2420724336889052
0.21194954080042142
0.2031427872948483
0.2191716193313231
0.19195141022167445
0.20218237922770996
0.21715042101570892
0.20410460888043475
0.18530207874580146
0.2403376145533132
0.23513532393650932
0.2180114905874399
0.2259138167720226
0.19942700335615546
0.20075391579295945
0.22723217643781496
0.2209690579353908
0.17887059132698085
0.2011382161940932
0.20647522417565936
0.21429479103233415
0.23426363062189867
0.2384000590739906
0.2367295385021327
0.23850106614829297
0.2477622408600606
0.24731057437902967
0.263108361850985
0.2633915183710447
0.2086270658992962
0.21958311369725692
0.20309360288417577
0.19390869824177343
0.17378944859481263
0.19630080010210452
0.19132710403419856
0.24704871043921972
0.18688131132675445
0.23852414115943735
0.23042049752342214
0.20963564661543707
0.19055458770316575
0.1779332822131023
0.22145872139761463
0.20526089759664312
0.2110800678333583
0.20583759571623614
0.22489184651684782
0.19589643416714103
0.22931959582659703
0.27372889561604247
0.28112804382759843
0.2532183349883059
0.2516885653290426
0.2527550590632304
0.22503875702983034
0.2272536833536682
0.2143743132879978
0.19185018964165607
0.22166717127091587
0.19560691729013585
0.19844145050990455
0.19319432515322596
0.22338425775384754
0.22175885157419747
0.22875894858812926
0.21714116875225756
0.2079687896704057
0.22805083265770063
0.18490488739784108
0.19522950176270729
0.20373775686839485
0.22105549040085185
0.2189393466917175
0.22796919124790738
0.20242913925663708
0.23846129604502253
0.24649219885820353
0.2755421501268633
0.2629513483692127
0.2668638515990026
0.2235013028962852
0.2117759575795679
0.24112850545079512
0.22007772441105117
0.20896537206203042
0.20947670214901043
0.21154611995425363
0.21553000490316623
0.20142296471826104
0.2010634091084258
0.19320457974725955
0.2283712000612259
0.20137676722762637
0.1988017447074481
0.23220365091197295
0.19739938499287069
0.19523734930737235
0.2473129020329289
0.21137918114979207
0.18929168850306224
0.20596542620701067
0.20004929659785137
0.20027553474770482
0.20288988822549606
0.25188039587559435
0.28157282385951227
0.2550837684371542
0.2727307957829965
0.2274806332301948
0.2393360376025476
0.22975519510893666
0.1995106201590884
0.166045660428999
0.17664432062774757
0.20039326373040403
0.19529378084466156
0.20040472565192305
0.19710180311365932
0.21196878675560393
0.24421314586792056
0.20802418970075737
0.2445161665260765
0.1924691556548633
0.2305810917951806
0.2115530123310551
0.18273410209335805
0.2307112276389499
0.20287206866573787
0.17889753644046252
0.22482613536279672
0.19183240523716383
0.23531340934245445
0.2642432220410773
0.24798908465544917
0.2601836442942889
0.2536051323837142
0.2345933469611644
0.2190078304756196
0.23261269141602156
0.19858068456234598
0.18003974115015733
0.17219654763034015
0.23137898384409483
0.199902754204964
0.2092971605490326
0.21825490883779766
0.18515826102491828
0.18966741765928613
0.21592011501698888
0.20682527380220037
0.23579754860735053
0.1901130370209229
0.194021119913171
0.1687893170378973
0.18669863632849226
0.21732856786589827
0.1909532581695126
0.19104786914469182
0.22957263989929239
0.24462321597396774
0.28405032839100425
0.2570016044362766
0.25653562941913743
0.24225732755992518
0.265082266884862
0.23517763789034074
0.22423732402771243
0.23821587992860943
0.21271918988825844
0.2249035205698669
0.21757734115690044
0.181128742305841
0.21979042527893947
0.21947406826388652
0.21741652895091626
0.1957111490463882
0.21870554327716488
0.24543286271509984
0.2274683282983653
0.22717975262389714
0.21479333535068756
0.14235879288561604
0.18681590857169045
0.1613894576630464
0.18915016793468153
0.1901038463299874
0.21749951142175705
0.22754411793907062
0.2707105423248305
0.22457420658895308
0.2296414132200083
0.2308007269264521
0.24861050886579206
0.22264208256061427
0.251240550367905
0.1926833197246415
0.2349324983355836
0.2243616362034676
0.20462306346425727
0.185313901745034
0.1793755864817886
0.19111495728173222
0.21661961955677325
0.18540767724907287
0.2180365670894937
0.23556714799364017
0.2068322188574688
0.21513809045752216
0.17992923459386698
0.17019872025380192
0.14251172576307825
0.15978972380001052
0.18468524923793625
0.18260409042293885
0.1804336009599029
0.21964161826468578
0.25812502793142555
0.23449071657600296
0.23024265095187205
0.22718243382960374
0.23626984696494419
0.2269732278262196
0.2363233536753931
0.2281811177073492
0.23372843784945369
0.194659914682803
0.21100730853314895
0.18970338683569826
0.16143461438591153
0.2028712952141235
0.21222026830239765
0.2148768924990031
0.21343651140642836
0.2236365206268128
0.19720279729958629
0.21697506977838743
0.20221424811862687
0.17068863962094305
0.15803135859172215
0.14054704806406496
0.1851035774431075
0.18569647484384924
0.18976656044756712
0.246261059591033
0.27316626661240684
0.2850397591777581
0.2732894425004802
0.27337697418618473
0.2542925305524646
0.2390348504481053
0.23108268620178346
0.20903076643626428
0.1757628900213072
0.1929526971167032
0.173536219128351
0.17333160800581315
0.18891150615383007
0.18952118491843184
0.17941568701802615
0.21795906434669404
0.2045496272045276
0.24407831247409567
0.21744571308320731
0.1803023953201841
0.22656057799355997
0.17646907432772926
0.16438192184961872
0.16961339559692007
0.17266637160146087
0.16412368014924988
0.17269707493095088
0.2269243022430666
0.21407262679053107
0.22128803324557764
0.27900396866541666
0.2880012750654027
0.23994451920238546
0.23228048449409977
0.24546033637575504
0.18867332651562105
0.15240189011108354
0.1781090343497032
0.16615973624718855
0.16144100272799095
0.1773388094694828
0.1862470527202371
0.17288307040056466
0.23071476095283522
0.2177108533830552
0.23958936034682535
