3.634649541245056e-180
0.0038376926052175035
0.007529393887390165
0.010650700905866789
0.01414264211125242
0.01736121683729846
0.019705384133734193
0.022676869904094694
0.02409822225240108
0.02693339202182026
0.02835522425041014
0.030380542946349873
0.0324275716134502
0.03387334564502039
0.035562905030848385
0.03683902298378919
0.04012605282999086
0.03861037887208909
0.03928472099056141
0.04309839980348933
0.04331321001888411
0.044780708838499335
0.04630733779123241
0.05116451950154926
0.05172740477283615
0.05854765080780168
0.06397329047576865
0.06230670932453424
0.07102214643152083
0.06738569278930207
0.0642167259530628
0.060501620693726825
0.06245859506853258
0.06343514732223449
0.05642728856072811
0.06495185770313126
0.07099468498216323
0.07176200354910808
0.07946313534037669
0.08469715149912191
0.08578359493241007
0.08835929100126487
0.09176672092831281
0.09022484905232313
0.08958860818947803
0.08746885246466658
0.09031606677947564
0.08330300269508178
0.08093619784752228
0.07331451994569728
0.07906630627035319
0.07993189494306051
0.09756333250075738
0.09282403780528002
0.10781630771330261
0.10212521043750747
0.11120614257064886
0.10449703626104165
0.10428899177037339
0.09959676309848407
0.09012300444567935
0.08916931337870612
0.09388034222066935
0.10595287857966805
0.11422548592094145
0.12017292531618308
0.12005054847791652
0.13782501540267653
0.1301350234049257
0.13208208467108684
0.1395916199190581
0.14417273551520984
0.14284713904046648
0.14790241603820173
0.14096196296253644
0.12118637432762303
0.11631801170346581
0.11477824599565706
0.1006442552400343
0.11201976615621119
0.11772968973760979
0.13446627845556916
0.14146264706555575
0.1495078339607439
0.15214083117030838
0.13474577947258284
0.13838549243153925
0.12495512205454348
0.10552198571134967
0.12327973658118127
0.12767080212142531
0.14066857760113854
0.1582332861355641
0.16128637217200067
0.16711245212828452
0.16580954539885168
0.17321522937676703
0.18598509322418053
0.17847390222575588
0.19050898725171175
0.1849456704644256
0.18132269761291162
0.18449583774504355
0.15234770290433855
0.1509118769431837
0.1420431140753317
0.14276386918248207
0.14343155240990768
0.15964414334627797
0.1450983004477644
0.19622064333560288
0.1897106784186593
0.18489835110796463
0.147648969672732
0.15494829951120664
0.15317973460075687
0.15160898757996377
0.14032269379482323
0.17633249249211683
0.18232137997425713
0.18150086340185975
0.19857056528099618
0.20295951898709713
0.18919318594654116
0.20004727320577112
0.19881989366335448
0.2044340193150596
0.214708495527669
0.19496320966122316
0.20318321412932874
0.21494788828043968
0.20072471961966176
0.17832991724167627
0.16007902468236304
0.14965453345104765
0.18173146394836473
0.18069169316446151
0.16925222555880357
0.20015943017272897
0.20542125981861661
0.2117669584240288
0.1921326287792572
0.16894349691710264
0.18115241970714907
0.17441422266631443
0.17023233607387922
0.1905186898975147
0.21041987667478823
0.20568853543991925
0.20757527813522603
0.20993872732640326
0.21630348728615753
0.22393004024791102
0.23079959948965137
0.21354674412332397
0.2219823342973251
0.2407674153680492
0.23342710893266233
0.2286367228601209
0.22246510814395898
0.20733442912797304
0.19760415988674704
0.1900606316339374
0.2219577457898581
0.18665516762889697
0.19918288347397115
0.21315645535754957
0.22205410834025083
0.2438858238495653
0.18308835057480297
0.19639753620623057
0.17777157612614952
0.18403822048550916
0.18731448749474766
0.20010051153574293
0.21044482755520288
0.23681461983749813
0.2381001698888805
0.22988264980275228
0.2566579479713343
0.19864578751534892
0.21583506618734002
0.20823596463392438
0.24078506693962834
0.26106799565881816
0.24339483153300875
0.2382735487265776
0.24265492508240608
0.2311677615470473
0.2191180388879274
0.22248678574381425
0.23758398382219062
0.20337563491647515
0.2287030074175304
0.22197911597200043
0.2440644680207691
0.236048949656722
0.18617909417031053
0.22161600252282349
0.20704997993230445
0.17860116261376655
0.20864822591249632
0.2156620491875545
0.22024580724351003
0.23046815384483504
0.21853853713084298
0.22779032031739363
0.19880861101892217
0.22102322556837842
0.2060856513412404
0.22614766106757886
0.22696259339175018
0.2619831507270003
0.23725011390706383
0.24446819558504743
0.22382096864195425
0.21658349596482934
0.20262702234853885
0.20411077005877618
0.22580114106565388
0.1849146515204035
0.21056291171270622
0.23315128960098427
0.23927418110422266
0.25451987210734867
0.21613502065726226
0.20614786594660736
0.18780391719722148
0.1917971800396976
0.2293737758168656
0.2033280208553598
0.19254652208416384
0.21973408215950885
0.2227335040518148
0.22475867998510482
0.1846593520921864
0.1946103624314989
0.18466182753505042
0.22731613152328947
0.2116918364060241
0.24824284365236252
0.23589443768881793
0.24013513853474833
0.2553491482667914
0.2344352554400768
0.20728498841850726
0.21767294871919768
0.205800366413193
0.22818140185994062
0.23315715758399883
0.2865778421178942
0.24289403720225988
0.24897654371469208
0.23374584584241975
0.23640556092808881
0.20081672853377086
0.2160970140677963
0.21632697993099867
0.20815203637448426
0.221679183499932
0.22254008877545112
0.21694494018602442
0.20184671059119744
0.18776749285257113
0.18787333982963775
0.17465052495046268
0.1915020334848202
0.22744046868596646
0.2607476128785128
0.25286709753342473
0.273972060991903
0.27666268222178303
0.20094753522432157
0.21449223142749504
0.19976427523285004
0.2376661196703203
0.23044847043780975
0.24858000552965767
0.2636943697345163
0.26758802645868146
0.27630433998089593
0.2580797838514314
0.23635076856774048
0.21363392362345526
0.1912703793879884
0.24523936442183492
0.19513703127623677
0.22673139770578113
0.21239942683288282
0.21143331410492353
0.1986696903579084
0.174744580321905
0.20324252180289323
0.1903468726923079
0.21711998651194916
0.2479309425761501
0.2855168628484657
0.2578154740794632
0.3025201507661661
0.2526334795959991
0.22974219671988372
0.21712145145045272
0.19536447971024515
0.23858338313555594
0.24504424953256415
0.22997822648926255
0.2926186107458627
0.25938277991016456
0.2896327502423695
0.2575949941413513
0.22152342225692093
0.20097812509566337
0.21151262659239173
0.1859338247465694
0.16520513187581543
0.1955508445558859
0.2013829259502704
0.18085645468359687
0.23653124040111254
0.23354049916058278
0.21540287909394654
0.23669066688721285
0.27947977101615795
0.2963787802541881
0.2542252067271036
0.29161116055781866
0.2982867501947633
0.26004317715404496
0.22088991788820175
0.2134946606613216
0.20369828571198076
0.2801568327335368
0.2313316549740505
0.22637649005056704
0.26972034682557794
0.2769265225516364
0.27409191527529797
0.23780554729288436
0.22295152952474806
0.22890168200644267
0.188011378284581
0.20967253780851836
0.212637102076081
0.1864617236538099
0.17668370323218294
0.17978823789293064
0.21160576178324908
0.1917608310457873
0.210379055217575
0.23506586876280292
0.23869615983154416
0.28990977219881214
0.29647724801793734
0.27988900608908357
0.28244456457017736
0.2408069576201035
0.20929187057596793
0.2304865103447318
0.2182911811542299
0.2547426468825958
0.26011499811469585
0.2445229532467353
0.25174240950983073
0.25860971512468156
0.25980000219108085
0.23467986421167927
0.2387746315200848
0.20582104888399175
0.21301376227747473
0.22247368573259546
0.1645570721555304
0.16181381770152434
0.18834284120732558
0.1818832272904777
0.21036500075946157
0.20915169387914295
0.24803349338694183
0.23667872331964107
0.2930023498782575
0.3020956858703275
0.30593760121187386
0.26665754170020217
0.25953334107731163
0.22672057988977623
0.22226041216672973
0.18968011291727313
0.21974356874541132
0.24153159077162178
0.2500975686961523
0.27684806895032255
0.2651961041300439
0.2683009712904655
0.28644711632476433
0.21735882339716261
0.23221110180888135
0.20845976398451474
0.21329984954348508
0.20121379710608445
0.18834138662470942
0.20076440740379006
0.18882373533671865
0.20508695757409068
0.21939471834600394
0.23823133574091557
0.24862685651663835
0.29567372272091996
0.3127665028686586
0.3293404321028415
0.2774303904037606
0.31317559059431554
0.24133517377339608
0.22620336473551944
0.23263735698133048
0.20977970490070943
0.24233714739297108
0.24985757442438644
0.20362864753949264
0.27298754047191104
0.29414804745792666
0.29715217859961374
0.24733288578722687
0.2722119437401668
0.20636975251426015
0.20404736329113016
0.21026349101433536
0.19191323147634906
0.18192702059850582
0.2125023238610367
0.17389594188856086
0.20853721566548317
0.21241736205714215
0.24309006387048618
0.2529080903267627
0.2928203547559819
0.27216175108203094
0.2988493656845039
0.26326604614722243
0.26468661258867
0.2552696499098841
0.20429279074892845
0.2047742532340481
0.19588021755549417
0.19382218809039564
0.2670890587244876
0.22447841574745642
0.25996717918263196
0.2847780704926174
0.2989757477520078
0.28819754724227653
0.26500655251929883
0.21286068937683988
0.20673088039694054
0.22060006409605
0.17020746966260583
0.17070602180249736
0.2187384849906368
0.1852890924993845
0.18995191155938124
0.22873783142409937
0.26151592559188397
0.29936016410149074
0.28782702058928344
0.29516460390999744
0.2960449748559836
0.24302067657217283
0.2624040136128546
0.25641332258476524
0.20885052559822762
0.24780801546400555
0.23748014268644085
0.20641753453278736
0.23165617616301876
0.28791453333799316
0.30058706880670755
0.28145870017507757
0.2846757481081395
0.3092217814963121
0.19905850898893945
0.2104975738291676
0.19072924670523
0.23074745397120214
0.20527136383881978
0.20540667071382454
0.23566921593724507
0.21428176914550284
0.22739033126334296
0.2446258317515084
0.27363192509538325
0.23232456769521193
0.27923181076173553
0.3011178756325176
0.2755975449129457
0.2635097478828366
0.2820156105344631
0.25492421581821517
0.22485702396139537
0.2082403225622133
0.21959624661720645
0.23755306251231895
0.2523484990009122
0.27082313175581874
0.2353919207832172
0.2850957980642481
0.280126285086654
0.29798786258112275
0.28233109620521085
0.25449045557352507
0.21257899131502397
0.2432277870135256
0.2296008960528431
0.19582557329179168
0.2136811357730161
0.23267497392006858
0.2363851114323797
0.27721706861987605
0.26438959298096626
0.3125317061478506
0.27316887684347724
0.28397709073526495
0.2727568176928556
0.299938663082477
0.30640654825127356
0.2676833907474702
0.21317739151223433
0.2082939028574657
0.21673993096492833
0.2175477243711875
0.25983488521599973
0.24560102349885113
0.30249932931852475
0.2958435700737112
0.2866991973346571
0.3344816443545171
0.2706343939868436
0.2373860546413448
0.1979180773093862
0.2373767629851321
0.22682241556201344
0.18583942426319064
0.20250329653475704
0.2249794080723976
0.2405944385411586
0.24640178063335955
0.2778410788388035
0.2803736638596933
0.2606322277005819
0.25276849646526167
0.26409914365616843
0.25170229719767856
0.24598941481035688
0.24719357516086538
0.20596211969755213
0.2336978466328655
0.2240805849592326
0.2519957438718102
0.23371635798846704
0.2619378657652415
0.27001428530657684
0.30629252549388597
0.28131810787185557
0.26432263298120645
0.2768182678204049
0.2516672739606646
0.23614271487876998
0.268262124189719
0.271116110878436
0.20548651885182798
0.2388358548217143
0.21340770929457523
0.23874438160030556
0.2599408058494279
0.3059894552977777
0.27461132542229205
0.2909894386732658
0.27360959494867376
0.23820866929546697
0.2648500830973731
0.2522251529343772
0.267762884851674
0.24072533829865136
0.22459774059252902
0.261177899202503
0.2571338306203892
0.23389341237836553
0.25072190124435323
0.27572653338625397
0.2744397689149756
0.2751918314662386
0.3124920798759777
0.22398803239063325
0.2387549674698721
0.2880138084111046
0.23408686934007986
0.22965087137070725
0.22552884962970374
0.22706141364465993
0.22171717257976895
0.2685474956926346
0.26181223240427876
0.3060201690549919
0.2682717732289547
0.32300520034465485
0.2681691689219115
0.2775702426665662
0.29929927823090474
0.2677641090053391
0.21268759888813416
0.20369265745893472
0.22289655187700796
0.26589685974801786
0.2531397607452676
0.2646662056494196
0.2481683952421858
0.26563452225367135
0.29656445043894925
0.3007346177920431
0.27136830166214987
0.267212370322429
0.29267615614718373
0.21468689527437906
0.27970661024953786
0.25381757745813044
0.20745237265100877
0.26346045611385294
0.23148710041104065
0.29237070863917297
0.29598536187795743
0.29623179331914085
0.2949283585456387
0.2948934050106472
0.2813233257167767
0.26937810336272355
0.24576989898000506
0.2374279689521776
0.22994697556967572
0.2177973870729832
0.25881215921052625
0.2573045423787988
0.2836758554257809
0.284460036538833
0.23689083723884313
0.25869467930945755
0.28787859518439124
0.2635878258514372
0.3112371058468179
0.2697534904174959
0.23337372530516645
0.20874440590379195
0.2504444407593533
0.3006018257290273
0.23064378810645195
0.24656280941913314
0.2629235570920468
0.26819189137697674
0.3098421926492731
0.26190043794738294
0.3050701059834883
0.2804588682443355
0.30255869116805606
0.2636082751361473
0.28449673400350456
0.27111476019919295
0.2654318798948429
0.28575040161817966
0.2867176964698224
0.2445807921028331
0.2554419084920385
0.25659908701662304
0.27279406502871384
0.2483446761426391
0.272998873711206
0.3005342052218963
0.33131389914337894
0.25075571502936034
0.27397256835831185
0.2203676588426948
0.23941350649832838
0.2426174930413218
0.2172868980383601
0.2695294014515496
0.270253393902982
0.24799793475624596
0.29055421863171244
0.26314561131383546
0.274734434785716
0.26226661615963115
0.3006152761279495
0.26540109262000955
0.2861770711701137
0.25872261198245394
0.3018134919361778
0.3115987989663172
0.29638218215700984
0.22174003705684467
0.24128758958832075
0.20669805529265597
0.28053141055542336
0.22972787638628808
0.3053483142179141
0.31952651509069685
0.2805728907900935
0.28031205358213995
0.23109149551345862
0.197211976865834
0.17032445177758018
0.21264853082251675
0.2299048330304481
0.21843910609911404
0.2337491238650884
0.24449393894586993
0.3041587361951023
0.2897356557578196
0.27416939166346055
0.2607447035618509
0.30258954526619847
0.2834316474554436
0.2924355049430802
0.29464174773393653
0.26481511787767265
0.28273293828015894
0.26854282225017584
0.2391625228154055
0.22849716509764853
0.2336978861119673
0.25064023827701615
0.2569598575956634
0.29695108396370895
0.2941915471478758
0.2970294475125157
0.2865827929187772
0.2230828768873234
0.21351205023837366
0.1909750375463214
0.204265810669192
0.185494712965842
0.2056059896057241
0.23041784254978542
0.26387968611047496
0.26153909943407144
0.29213581393003735
0.28597933120909536
0.27867208813983846
0.26882711173349494
0.30245605121395275
0.2761889622146757
0.2609987662277501
0.23591244029900815
0.2359099316398252
0.2265744823821335
0.23542277075346774
0.2519924092345536
0.21441156699329078
0.23113476667461993
0.2681100533390761
0.30404085593918034
0.31804580297620794
0.26021109504251105
0.24237060574416816
0.2621741561934545
0.2151785272166424
0.2055241313345204
0.21290164094033534
0.20623906142192705
0.20214540491523952
0.2218391172021294
0.26554161720791714
0.24898511404606322
0.2307963660921158
0.27663162169038974
0.32155786714473006
0.25389692229967126
0.21370995024003264
0.2415733362129288
0.22071231554810003
0.17762242427094713
0.22014450114773398
0.16962188613391063
0.19975561912977802
0.21283862876725854
0.2289176974202905
0.225266984883632
0.2818025038893272
0.3194325064798045
0.3116243749729751
