4.536731921145964e-112
0.0038560274187682706
0.007450787960940303
0.01082612978999602
0.01408414810262458
0.017007210360347486
0.01911354770661235
0.022318745385273998
0.02536759224045821
0.02844319192951572
0.030743723147611958
0.0332835377100298
0.03550337597728861
0.03706705736418529
0.03902473550365994
0.04019300476377826
0.04224606411144185
0.043546088181363095
0.0466429291058858
0.04999445079417586
0.047597946991329305
0.051273458230085785
0.05167884406285649
0.05908775584705011
0.058445660793243065
0.06331558964137665
0.07138045772443964
0.06647741799202674
0.07599330538045859
0.07556641157625676
0.06961590426538669
0.06746864474259348
0.07230564668823256
0.0659502597103506
0.06614298368402931
0.07678353961055143
0.0794333209582929
0.08259514545156148
0.09339032101575809
0.09426684404369402
0.09718488582688364
0.0984823395828285
0.10059950878810434
0.10256765505908275
0.10531693693580105
0.10237234232856678
0.10391993467520391
0.09224186440720292
0.09467306120993121
0.08455884631088433
0.08724833973590718
0.08901769579759262
0.10835594484859967
0.10469891532784247
0.12052029577161681
0.11344711933142249
0.12735155819866958
0.10944445925434695
0.12262067497816126
0.11204802508051179
0.10150270465166841
0.10174268364339228
0.10867391232979193
0.11935477440291957
0.13765108869091794
0.13202703357871254
0.13954194808088688
0.14397058479294958
0.14602506927933856
0.15351673701784468
0.16073336961008816
0.16303521751258374
0.1521957822580343
0.1603759432576322
0.15514919031140417
0.1393764980200829
0.13862879939385525
0.1226177622648577
0.11147365681944234
0.12062946547946066
0.1278480127492709
0.1579698275149418
0.14913500375713884
0.16886810814428865
0.1531622156769788
0.1420643317117302
0.1548000265206438
0.12243401938089046
0.12651379018631145
0.14989740281271144
0.1563580315702912
0.1599954964434294
0.17232346021547965
0.1708437878770168
0.18273787078305248
0.17012967083373154
0.1729006298113951
0.20493797736250838
0.19336048793385152
0.20229730124347434
0.19542653535307788
0.18539859850158008
0.20238381437348313
0.1818253592788308
0.17142294556757776
0.15052877901076167
0.1508385186153921
0.13450223634441913
0.15133917210067846
0.15743058904269486
0.21497738472039582
0.20648278744556534
0.1914600801041534
0.15543085148606398
0.15834059545599097
0.14412602773155336
0.1799406062551789
0.1786711088426492
0.21353679881912294
0.20906569016147256
0.20543723120457646
0.2188402253431736
0.22570732226880993
0.19341465940799185
0.22062289668302004
0.2098857950601435
0.22836924912642415
0.23317319470131317
0.20325664364388416
0.21050144771654877
0.21565477946431136
0.21281231221406066
0.21638844700263007
0.18352095395694729
0.18483494404073392
0.19063916518033241
0.20551004164593017
0.19209502025657219
0.2105504813862199
0.19732935333284118
0.22972210517268798
0.20647774203192562
0.20371625748341177
0.18268561660409613
0.17953031049561857
0.20316814024244909
0.22218463622505674
0.22464608002790323
0.2400231678291709
0.22768685803231353
0.22900941694727972
0.24496386367428835
0.24112454536244382
0.24207355805989003
0.24678100858923377
0.22540922063572277
0.2418346385667192
0.2309543386299758
0.2234051523821992
0.23248988364288176
0.22770752484951945
0.22087331079182673
0.2005062365874932
0.23413553220951552
0.1917436411564616
0.2091343099251249
0.22643500620786342
0.22809179379934866
0.23420031599543156
0.20416173589943032
0.19437795151615098
0.22138361321573194
0.19658001868460095
0.227720729150503
0.2269826503554411
0.2113308217507974
0.2341073075194931
0.24329333328186017
0.25779254895286374
0.26807051706841983
0.22143664925951265
0.22806080337054171
0.21090134127541216
0.24751259828594044
0.27778969846108337
0.24859167674833105
0.2513913893161436
0.24625247107269793
0.2614058932762684
0.24540314865898402
0.25666385543186265
0.2479483990988891
0.19597167832946466
0.24691339790241823
0.2626505511531795
0.2589356697393387
0.2591134706401987
0.1846993095775951
0.21557424618254406
0.24523012938592256
0.22559640392507785
0.2507723968530503
0.2693192042221731
0.24121662769735455
0.26431160410541843
0.2316171640098734
0.25296844721545764
0.24091894949635462
0.2371454793599554
0.2300611006556786
0.2510643210987246
0.26394016527390873
0.2683723772771279
0.25075281516437425
0.2725782636691671
0.2308804339700895
0.25864162904286814
0.22597799286440617
0.24387841950091213
0.24203582204039997
0.19209814121089355
0.20811181369462947
0.23481691116734957
0.2547281901246667
0.24299416222602363
0.23185078423482988
0.2286319691780425
0.22297637563865563
0.26112349172488025
0.28661232536631437
0.26353812912077124
0.23200655907059436
0.25114316368817907
0.2364759794748001
0.24619266876190954
0.22206855541407378
0.24054189869253795
0.1784379284057797
0.229791332309683
0.22337880873504037
0.249335166481177
0.22708579441003834
0.27460247663408716
0.25895566376625434
0.2723276257166302
0.23810578821835376
0.2443596357957567
0.22599646660738473
0.21064041023727756
0.2632747571697483
0.29222728139922344
0.25641389667854186
0.28665235026352237
0.23031111919217842
0.2624323122632779
0.21797254246423764
0.2544998524639084
0.261440483629137
0.2571911908128415
0.23617712394282395
0.2379526442480669
0.2594191429980946
0.2403961074747678
0.22849229486158246
0.2481996918050351
0.2132433723379926
0.22517677910053804
0.2651711038951938
0.3010153155139381
0.28715791953269504
0.2595248146672505
0.2833691066834069
0.22969440759419676
0.22934350672168582
0.2293528861167782
0.22709298538123485
0.24857953172608513
0.24504692270386033
0.28672119638600296
0.27400261437801243
0.2804080004633594
0.24548928727287
0.2554718198525635
0.21951469323221734
0.24613825384105106
0.2770641794475533
0.23756366481386162
0.2733625337776906
0.23098366925181318
0.24402289218691306
0.2677236398672848
0.2212245161406804
0.2270784853861858
0.20310853103070353
0.25043177681390827
0.27325105841833724
0.2652559524737427
0.26071278805166165
0.3190797711783704
0.26368999858837094
0.27755636977202225
0.23966011516651814
0.22417491655309482
0.24706212538243139
0.23516135884645165
0.20686616648369469
0.2956457713363896
0.25355079715885037
0.3029582809964232
0.24939413741525113
0.21411569648793502
0.2552084770327625
0.24726850279185691
0.24717021814278933
0.2574998345164579
0.24773927708846535
0.23264573063669852
0.23080194642832214
0.27431649742633174
0.2549971940777057
0.26441151353710635
0.25408553265475475
0.2753648353305838
0.281530522563662
0.25717834640751563
0.3005811383077345
0.33361875910260536
0.2983342050031886
0.2547477519980434
0.27088274863664386
0.21632552491555004
0.25998029497998487
0.2319451014534313
0.2204563304251617
0.2941547849690014
0.27131623944211275
0.2725858087953292
0.2320439053394627
0.22011302580712966
0.28732589739499975
0.2255540956663356
0.2771563982158636
0.2818550639508111
0.23834921839869883
0.22374216315150616
0.21883132294980268
0.24411784338105325
0.22599716584962815
0.21383881801845842
0.24853339907066152
0.2413385674920317
0.26024498974467014
0.2980936890962821
0.2686375037011558
0.2947149595266994
0.27109422153798285
0.2709632240218844
0.275697559109222
0.26451150258907163
0.2930768173631569
0.26773365037973845
0.27206443387648016
0.25337899416208337
0.27583796610769934
0.2800182647891769
0.24909195693176195
0.2365491399651524
0.2502704449965134
0.2603496990339302
0.2559155505856945
0.22607054427900813
0.24998058953337546
0.21244116766631685
0.1935809488730546
0.24229152871684567
0.20634274080232468
0.3116475758763043
0.24609963497908596
0.2885864301887437
0.2875037882025804
0.3040034007271605
0.25596341083508006
0.30068843749578156
0.2579603486845155
0.2558386602036085
0.24148906881188928
0.2610083430461812
0.2839270029611941
0.25185875900614474
0.28115637417952
0.29446565120001666
0.2635963500020765
0.30994744763115667
0.27050461951796717
0.24179528572685316
0.24022224390636668
0.24666962407623486
0.25617750739824635
0.25256443252976357
0.2844194239781174
0.244045763470381
0.2525395687934607
0.2521879831335176
0.2922188240321213
0.2709374919334964
0.2784228982799309
0.2908610836856756
0.31197293773484763
0.2876624733132831
0.31478579305281107
0.25969504278680083
0.25558266521409556
0.28227586281456407
0.258335583012951
0.29438352436706133
0.2725501979838866
0.17536768232181474
0.25979537557361954
0.3160524037012201
0.2985691923555451
0.2619637280023064
0.26165782056536036
0.24760343270101623
0.23997225764777155
0.2786394296937431
0.26281503028441516
0.24514785664708555
0.2328887061454334
0.2351309839865916
0.260256839431203
0.25257049494422307
0.28025846984770447
0.2719998636917952
0.29713877218619783
0.26879713824710905
0.3053298626404068
0.2784373307946168
0.2921212133912224
0.27895247054446093
0.23598320062619832
0.25953994923973006
0.24521885456749087
0.21915350070200385
0.2556764262906954
0.22371449417105746
0.2842593416502763
0.29548121899542423
0.2777751728807271
0.2901411949211574
0.25790764229345375
0.2560509554035664
0.23968807647181145
0.26639366967403916
0.21879464495240789
0.22981826561503643
0.2667694552060011
0.2677463022647821
0.21686024156421094
0.2682868183871826
0.29047450996201873
0.3206301676058949
0.2994037493345439
0.30059403354198544
0.28932761002138213
0.250161914844839
0.29597288930163945
0.28947020224853953
0.25293583762171773
0.2786674758065798
0.2719088708623619
0.23398096493607035
0.2516644350045172
0.28741062156949804
0.30036519535455336
0.26680137721061226
0.2821347995856711
0.34307007946533075
0.21466609069740952
0.20175073620270795
0.2097609906208082
0.2897519875847079
0.2671209157360246
0.24153928986096396
0.300373184636764
0.23071553915869855
0.267210366624385
0.25430539756711257
0.27553008746442526
0.26471160978261027
0.3135695069343761
0.33914415748959725
0.29751060889782865
0.30286313673563836
0.2753068367470966
0.2737676011026897
0.25482060687894875
0.2403228482652093
0.26568580553151544
0.2545730070014146
0.2363570435685679
0.2951235153746163
0.2634604601879639
0.28231444271697503
0.2589500741669425
0.3092682864117481
0.26381363056963963
0.25404062363362767
0.23209425175144005
0.24981543156257233
0.2492343519009085
0.22415100279083888
0.23627976781430804
0.2689146341897544
0.2901649401380675
0.3241032724957043
0.2938824397396068
0.3459030098897019
0.2920419423319604
0.2699823306997769
0.26410151587820074
0.3141922064303917
0.28260438531442617
0.2995593506397632
0.24398240514935302
0.2622128898000343
0.2516996913319998
0.2524077038846589
0.2573555109679609
0.2500876282501062
0.2726139957502834
0.3377388757368551
0.3033765322278667
0.3335807139156484
0.2881105100112161
0.2786859472977399
0.2478405084427511
0.2548851440353752
0.25378973173318836
0.21182100445458252
0.24733955909033375
0.24116125138594224
0.26882922971447415
0.27512731140595104
0.2753677631899896
0.297227733366986
0.26461857106879855
0.25503322734188305
0.24276999383752149
0.27377927064760393
0.2606535124084547
0.2798444155679056
0.252593305886125
0.25361836846185537
0.2869925566746791
0.27009362220780353
0.2549052652851257
0.2542752283659963
0.26841940647443663
0.3111433183058062
0.29192861959524025
0.25994910996440684
0.27537505754857566
0.29690137339198813
0.23426914640180585
0.28837006088073325
0.2729454353226248
0.2391794190498698
0.24558859317330312
0.2651600147771705
0.2671052411441633
0.2739864345900022
0.324667543617113
0.27709087993611115
0.2799911301273531
0.27808531381214613
0.22557041947952797
0.2725415948387387
0.28452114795672667
0.33673850967164737
0.2747248298011235
0.2526399519041982
0.28822671680143624
0.2714052553067172
0.25022088007942517
0.26623565685786504
0.3096517544377004
0.2832403397944207
0.30157711410253824
0.28856818448130356
0.24869621059001468
0.2516171938530521
0.2591991746045678
0.25311612550268936
0.2615717198681202
0.26265728096969637
0.27564564032042826
0.2753332880458548
0.3116761617490776
0.29379596715760975
0.309986161837417
0.3113163685185227
0.30954516603130966
0.28340368170832936
0.273405736517134
0.3071299919785691
0.28718201181751124
0.277584509290524
0.2713376670657706
0.24150965452936463
0.30619146611350334
0.2722062454178208
0.2840091689964373
0.2573100406479805
0.22877754781378024
0.2998777431288687
0.2934855414977846
0.2905211358564769
0.25355226639160555
0.2915465405974868
0.2345100763986469
0.30251768825843406
0.26300797317644975
0.2528363071935474
0.28627239372700436
0.27332374157018935
0.3059047689923308
0.34497766952921366
0.3159910904009386
0.28162247918795785
0.28138049241984464
0.2916888279217157
0.2869865256420252
0.2712867011048842
0.26916870419293665
0.23741913667533374
0.25007441032011335
0.26053045833909944
0.28111046417555297
0.3006459392548591
0.2820666616949132
0.2563012885236705
0.26668304779189467
0.2810708424709348
0.28083150883863134
0.2872514024828785
0.2981936041432378
0.2369908571301856
0.23358812852924973
0.2669683857306392
0.3019225149694657
0.24454878282876738
0.29749781752307025
0.3005079277924739
0.2954988058560778
0.3343097817392313
0.2976241380444819
0.31544111784045276
0.30177062024877976
0.30413850550331917
0.2752946411315975
0.32730643745538684
0.28339848204688295
0.294154237602996
0.3015909031704808
0.26897825359614524
0.25847156929371096
0.3038548560305837
0.2873083086265927
0.26325627184862826
0.2689281316833595
0.2832161767260575
0.3189309356455629
0.2915683455056869
0.21773534737769012
0.2996989497638295
0.2923468066645936
0.24860346965014615
0.2894997022492375
0.23273170862865314
0.27821949966217346
0.30929338072358037
0.2848862747584431
0.32910320269480764
0.3050611265388551
0.29465858975587
0.2735840543231018
0.30279593094732293
0.3124659196589176
0.3050387447455224
0.3143683162642004
0.321412332025338
0.31599449140419933
0.3157516305172423
0.23585406841903853
0.2635754504626108
0.22269919430876012
0.2816095177060435
0.2535656038145796
0.2853984250736854
0.30558308881560015
0.28418227949215086
0.2912213891400877
0.25831134753896623
0.20530696852142083
0.21503165273034675
0.2554592970644895
0.2961731098003291
0.2698329448081287
0.2848150113133433
0.2681285824501556
0.28648743590731457
0.3129820556352462
0.27262606296197245
0.2962576040926455
0.33615988365028404
0.32297489523714673
0.285186787841497
0.3096317771337843
0.2865609222139188
0.3007429048965906
0.29241461448520445
0.22091791563438873
0.3041287888491019
0.23665892238123004
0.24225807216096867
0.26781419242775867
0.2968412884231477
0.3058212080946984
0.3411802717811842
0.2842012370992498
0.2533914729324441
0.2571674047353371
0.23260193106124338
0.25489308770648156
0.21995963216516842
0.27311571103423216
0.27734181085423715
0.29992893100216483
0.2653650444125064
0.3046589223566716
0.2728119942497706
0.28979846274518417
0.2885832448313505
0.30720619505566926
0.2906304904298066
0.28601281308004955
0.2743769327402788
0.29796704812846136
0.2919538787463199
0.273717565122369
0.2780065212351092
0.2402239162005142
0.23571348527610783
0.2539691747167887
0.33220152847366136
0.31056058355761545
0.25733986008638576
0.2643204865913413
0.27193151944848115
0.23492917650063463
0.26552731855946426
0.26600920504858105
0.2864403333987705
0.24779779080264547
0.2712771406574223
0.2599144354155743
0.23690574093104821
0.27346661503134656
0.2759393647289648
0.33624717069386756
0.3022874564432286
0.27203864815289613
0.2814247408272426
0.29198202201176277
0.2515282558390906
0.28210532877127265
0.19696214866111422
0.2509376511399728
0.2799857278580827
0.2644761960848164
0.28476066702365127
0.2826932452459406
0.3054869984136499
0.2702320754037032
