9.414700299924835e-86
0.0038502738389083794
0.0075980458200146615
0.011246939324780141
0.014259774009961286
0.017284282327913795
0.019126797367908132
0.02274435486108391
0.02616340670404403
0.029150287366972814
0.03226789065968089
0.03527521881463705
0.03738300924504282
0.039656332488446126
0.04088069218850576
0.0440368579535669
0.04488291537923537
0.04825492211852841
0.051831551055296264
0.052548639514289876
0.05358590164642246
0.056150961057587226
0.05644571534983605
0.06292876622122011
0.05879818731023845
0.06874029103739887
0.0751151486310861
0.07105240509905086
0.07806086133096396
0.08248414396675353
0.07212042265476719
0.07810894607551583
0.0800393657192688
0.07308662728121881
0.07558252049781744
0.08178467977462976
0.08974259986813493
0.08725914535021903
0.09909021799173721
0.10070759265758306
0.10743406411028683
0.10441382195591475
0.10750076764121812
0.1040325492003049
0.10999262203732053
0.10434473531347141
0.10827512324531612
0.09943013988910625
0.09589976621835168
0.10056283074178751
0.10272125177054356
0.10089022242707377
0.11374248325114816
0.11377299853893137
0.12008625440646525
0.11930700533528668
0.13337095977161367
0.11715264391417929
0.13245356246976492
0.11038407827291816
0.11640194720738765
0.10684309871672341
0.12397231192227136
0.12316674219637375
0.14101132202961533
0.12585882113605446
0.14814813878303518
0.13525917671238813
0.14559806672017428
0.15530193875029263
0.15651492886962434
0.1607897673694687
0.15589852775387805
0.15080891648430023
0.15206255227466053
0.14695574030087397
0.14462916409757884
0.12992359075397192
0.12261256608169607
0.1278869465059278
0.14149777448371276
0.16412418918235971
0.1508256109633006
0.162220493860694
0.15496461156076244
0.14719162752865977
0.15589942869544218
0.12022714030245871
0.13863462029539853
0.15160574308619945
0.1708228089459117
0.1684653779499126
0.17376522887022386
0.17336455960023572
0.18038640048903126
0.16347251438077204
0.1655500270468608
0.19937106413052902
0.18650453762171273
0.19302595764813857
0.18891107197468607
0.17381194330708297
0.20069973062874766
0.18160961973635698
0.16808009429595022
0.14604795806389967
0.13735391358513557
0.14305395565787843
0.14773009435011378
0.15379768636243848
0.19505357798444228
0.1865625956939152
0.18135499964586868
0.16452467989247418
0.16661289296867787
0.1544706877725269
0.1905197846664854
0.1808433310595833
0.21078398762618453
0.20726810405684595
0.20311060487847524
0.2151704837105508
0.22486143360411334
0.19757036398642444
0.2050746980818427
0.21619351752202015
0.22183803227103419
0.2233456024133647
0.21233550349727892
0.21676473191534487
0.2077652884405096
0.20806641785635865
0.2220525998615177
0.1976859348352539
0.19663852044388305
0.17436614627343627
0.18729258867276097
0.18898582177351286
0.201450018917669
0.16042249400916594
0.20839752066361325
0.21111926508804407
0.19786698696091481
0.1663967699654015
0.17293986381299034
0.20012963050497204
0.21604092778031156
0.21228392328722853
0.2324657298623523
0.22481837732296808
0.2300994974849381
0.23430325020218268
0.22098155701796118
0.2281069533392626
0.24603051572364676
0.22078097214229428
0.22894404179128322
0.22746813480389227
0.1995917972865376
0.23238719224864415
0.22723510763798405
0.2068586967624666
0.19620457376390427
0.19284805879074668
0.18097937735196293
0.20676227814215925
0.18628794911830876
0.22024551642550266
0.21066546798777316
0.21178046806690437
0.18466785493322155
0.23094281296671654
0.19557900482421728
0.22049198588886307
0.2241726175757275
0.22047632484357924
0.23019187219608098
0.24916423799075615
0.2595413899385871
0.243490462061283
0.23859842738693948
0.22885499777917495
0.2185794403559034
0.23931928061315585
0.2600803712971812
0.23622564930317766
0.2652097473710004
0.23483539447070134
0.2514879079579675
0.24864507462483434
0.24368390661217634
0.2570016540756484
0.18581921976653745
0.2222718566183999
0.2489210326985074
0.2545525602284996
0.23433453302473545
0.18452628022947057
0.19984295101903551
0.2404627695323321
0.25675201122852737
0.2359488258885717
0.2864928787011215
0.23752829977565598
0.2723665379635833
0.2305981690026657
0.27206703812549204
0.24591727853523643
0.23108971623653574
0.21712212211278348
0.2571488636930868
0.259405215654763
0.24553938985787682
0.24961434578682182
0.283595428104615
0.23379416563597644
0.276609807765747
0.2531840393534829
0.2507774079999754
0.227642700377874
0.21736559543154246
0.2285463147392912
0.21482695448146336
0.2373771255747061
0.22297327039478715
0.2174985017790653
0.23709346188772268
0.2330532860320508
0.29047328255677063
0.2993218388904249
0.29014046254073433
0.2636899752448194
0.2782697603374136
0.2559407453546162
0.2622609828414931
0.23269615162484414
0.2467299551112201
0.20269032558584824
0.23019187083646486
0.21341514914587187
0.23404767114123606
0.23382342232684808
0.29156535802886263
0.2598890648012963
0.2932169877687821
0.26031471415644797
0.24034077615328125
0.22647341260542386
0.211217962303002
0.23090309453717026
0.2843030892569395
0.24607471177959064
0.2625033030473352
0.22676061283015642
0.24034444396233004
0.20069957739804856
0.2562924531914273
0.26194992515682947
0.27547412144516503
0.24368140194262602
0.2649140084871916
0.27524953397080093
0.2834774650123839
0.2666505571979789
0.27626651530832436
0.22907163884140655
0.23283012404418632
0.2531953310373357
0.27960996598434856
0.2919951112014525
0.2517292632190306
0.2741381232774521
0.2388058511756356
0.23628236079202225
0.252027355022666
0.20569444801558054
0.25861400491032194
0.2563325544110469
0.2518647097763791
0.24902013622825767
0.2555972523073626
0.24627323662626313
0.24654812232007026
0.2069861287098792
0.26451954867467486
0.28184502224882474
0.2592617983398124
0.2856711734944216
0.24618145483233547
0.26527845654573257
0.31588160873101695
0.26674511244368765
0.23338282330195523
0.2415223956523601
0.2897114227704026
0.27926412159507685
0.2598827222279417
0.2726704293791054
0.29852126208944085
0.26086806759626635
0.28952792547298484
0.24049037543477195
0.2256789690876547
0.20981758826936722
0.18619771774247554
0.189470410653392
0.25752925710652474
0.2328220560804447
0.2856875345848622
0.22463727925441923
0.2247395738251271
0.25579829812292393
0.2683780570478105
0.27856671842560554
0.30222791870531995
0.27386801100315444
0.2481035796851166
0.2678780375592295
0.3048528202258664
0.28272007422446216
0.2784498717999133
0.2778669840518052
0.2624730364929087
0.2724101061612029
0.2610306425596519
0.28389337014849286
0.3486185486979432
0.3082937003928426
0.2482059431548418
0.2927741348907906
0.21070191101760322
0.20998529600606794
0.20511652269311986
0.21576795573225863
0.2702729665634828
0.2513679708591434
0.2566233246575891
0.20603854836525717
0.22654648822737253
0.27600641850810326
0.23703757720455443
0.30723820499412663
0.32168930010885666
0.28819133940700853
0.25283380488511964
0.291024161879708
0.27931512840749473
0.259421798718807
0.2303970428188934
0.2776432112736131
0.26939165417272576
0.26378009935172414
0.28391255761925893
0.2851247001111154
0.29969688328547317
0.27333737776136097
0.31044454662876636
0.3050665012442988
0.27775250448007593
0.30719582478481317
0.2645722383948797
0.26055555928583896
0.24907070877123785
0.274220720726207
0.2605582055979436
0.24135897589394006
0.2409672988470061
0.2513163499161226
0.27741128773702395
0.28692795201943505
0.28654870855468423
0.31741210880774573
0.25632176566591053
0.2736801170373392
0.2992741246039716
0.2441729696356087
0.3183966641340059
0.27200899875606743
0.2965626802652838
0.2675262776351662
0.27847706865934485
0.2721578396242874
0.3226595140927933
0.2989067826777949
0.27810328859659295
0.26762727047733825
0.2849602340881354
0.27554015869027687
0.24823064536894063
0.2888806555804845
0.2883067992899016
0.26216390755680025
0.3223068475256779
0.2839898505156301
0.23617104006744113
0.2541202739699142
0.2595544167286112
0.2937406858453515
0.30232261809369304
0.3304780228515194
0.2706400056663481
0.3209267960332733
0.2891505314346613
0.31703792232447936
0.2785458207318032
0.27621920217907847
0.2582767065841928
0.26486307226863187
0.2822613581665706
0.30809984928116363
0.26665341133476106
0.29458934748641286
0.3258364235418104
0.30696835536117645
0.3291927031395331
0.2639153230236485
0.19510125470425385
0.25855555024563626
0.28195870708447324
0.2620450268696715
0.24852492953748687
0.26091594491494163
0.25841276295308024
0.2775202574842967
0.29283142787266087
0.3140696749163538
0.31797137854657004
0.2866374946703915
0.3084382802698612
0.32607831158608114
0.31654489476308584
0.2678906741385142
0.32029062611808373
0.29477151099682875
0.2484749749695349
0.27821552049055653
0.27567031356973765
0.3198418363817146
0.2989159358007036
0.2795336587660463
0.3334153822984016
0.25912240796283836
0.21779552719467404
0.23722839849413832
0.23877504479128123
0.27149224149707607
0.2745556495694619
0.23056716868546506
0.25268228541939336
0.2359415066404985
0.27444273753690707
0.2500129946208754
0.2811552963325813
0.26233354526332464
0.25865578597977096
0.30934370769578917
0.3207125132543549
0.2638698486188773
0.2861490836972755
0.3000774016456443
0.2937216066236762
0.2646688854165692
0.2578919365674134
0.27083547947523257
0.28799830737263615
0.3442195348945063
0.3344192015437351
0.27512996698567205
0.31914714459165866
0.2785776548057488
0.27106487511775285
0.2485434686308376
0.24601064963031682
0.2570450674369665
0.22389794934730411
0.27955047083526835
0.3159721930785045
0.2199973598952831
0.19446943611339032
0.23907947257575127
0.28981475796946754
0.3211855636210845
0.291245420634527
0.3294454805439673
0.27736856447172664
0.31295810783675204
0.2656257326905682
0.252437573103228
0.2555456559779393
0.28429714399358147
0.2790548624032717
0.288517060763008
0.3272548727149815
0.286501385608794
0.2787348329922689
0.2910485164180502
0.3041096703712705
0.31794688294027873
0.25327043587053816
0.2325925409098623
0.26806212960780407
0.25688730484738753
0.26530545023839996
0.23823597853601758
0.27459347566388154
0.23661822761643295
0.22898622255978582
0.26640359383604295
0.2693172353438093
0.2692337726734849
0.2559101916662753
0.26537098880246845
0.2947636587063747
0.341436088730027
0.32835549482211407
0.28025580723727817
0.3002467755036807
0.2616216231683551
0.24262964729611736
0.2529957424340714
0.31987007633821346
0.2637444624493966
0.33383968903205224
0.2889355956631474
0.3038615828339792
0.27346234640969136
0.3127123907463388
0.2217541355509885
0.2588755726597949
0.2472068830624248
0.31174922858849125
0.3337935469453118
0.28382270800079284
0.2823839799014024
0.2888734698168679
0.258438876656337
0.2395592035611784
0.2783766023816258
0.24728495571945125
0.3030482962359662
0.28492895882847824
0.28271458025064905
0.31844821111902405
0.2682257957997356
0.2946842833923665
0.23674118928701612
0.23460752760436532
0.24361914241282234
0.3065259081983617
0.293187940295915
0.3428997311332519
0.33502628314433713
0.26507530052435324
0.33203484478039363
0.27978218907695396
0.2739697356091612
0.24322317618094907
0.2285789738551481
0.28686157088041114
0.2665789787494351
0.24223452919186003
0.28657008642614573
0.30119125331899455
0.22594215609013235
0.272199936569704
0.27993683642643513
0.2832917908473058
0.27785928952277195
0.29961597410963703
0.3111937696490578
0.27265526192396167
0.30725276603642127
0.25058447253377636
0.25028585760338945
0.2746739149462309
0.2600454106345544
0.30230166944694603
0.3383130867773805
0.3754120443287821
0.3042766855433311
0.2979650100364114
0.3147954886061085
0.2904548211430118
0.26970143140692915
0.25033574323950414
0.3242345859084218
0.2627107137330304
0.2793689880622025
0.25055368465722017
0.2785141230762271
0.26162342801300853
0.24566482076899654
0.2769072134502972
0.2678779679867938
0.2994862240065804
0.29122603321423113
0.3068421393648239
0.30533033007767857
0.3223030986727341
0.3118993318545764
0.30260746969035063
0.2893034853126988
0.28748518793177363
0.30561314509565757
0.3130538026264419
0.3302737396208639
0.3260329273188701
0.3527067551319087
0.28036920544264676
0.3415478770707264
0.2833310154751853
0.28689643330848247
0.24847215726371943
0.22232646026843766
0.26894720089813834
0.2790941485615657
0.2760439283075639
0.24349099820723225
0.25871508620694594
0.2447656924345588
0.3086198417249748
0.2514517663634869
0.28149001559746883
0.302681809869942
0.28331696404494244
0.3307928125746276
0.3535277136814409
0.30042683402404424
0.27663405929079643
0.27847066791087854
0.3039912429828649
0.32087556789292593
0.2949071714538535
0.2913183438818523
0.2566844114092831
0.2951421950066521
0.2819228097766111
0.3041322380768402
0.31650209218147857
0.29016352533215656
0.25181773522049056
0.2526335824637114
0.2544184853575966
0.2702439596054482
0.24886774365600733
0.24257893062840452
0.20355306990666658
0.24635379756349893
0.2625263068540262
0.24417730940414367
0.2668052667175142
0.3304823634786124
0.3150784478434666
0.3000349805804738
0.3464166104507496
0.34612453979157476
0.3145501309684765
0.3422034007782506
0.3219327658788161
0.28856714794568333
0.33484409194457593
0.2930332192484625
0.28540653945162003
0.303289206543803
0.23913805557917261
0.27804873250396
0.3549490999167948
0.2956450425882374
0.2392710092995781
0.2468543857683304
0.2744378213554167
0.3249886013839522
0.24074640276124556
0.20147100461154896
0.25909787939949863
0.29040773816171706
0.23098172030362638
0.2687643559408217
0.2397647465529967
0.26446929885356224
0.3384674666672391
0.29886121676642663
0.3823139015008004
0.32075679489325293
0.2900762753151235
0.30899750075993854
0.2961544987836043
0.3349939972036001
0.3629755343533215
0.3329354429367279
0.30286606029479984
0.30871425204136627
0.2832376936737743
0.24966087404528645
0.24888524312652183
0.24417386704206107
0.24344848488087528
0.2512579601390059
0.23696179907683995
0.2694810270748359
0.2631847500245341
0.26563424108301353
0.2735009738783485
0.21685368198158253
0.24399874486215548
0.25661835401142397
0.32303143129752604
0.3211371195260857
0.3153527861223774
0.3390139470150384
0.32283941383805276
0.34807885965581253
0.3220484025630945
0.31759032046556535
0.3668939018399448
0.3666393160197879
0.33061693258080155
0.35389004619988373
0.36449848868502127
0.33730665039122354
0.29178647798903157
0.21210520131275307
0.313614446429426
0.24141653569696211
0.2301189930485828
0.2426404280152022
0.2596285649372907
0.2923261853549237
0.2897585837030178
0.27944632631538874
0.2675017322974292
0.24506397212938297
0.2710600956980826
0.2692080334907019
0.26613516078238175
0.32103183892849957
0.34182605443924374
0.37079051983899797
0.32875796301408206
0.39171136222286473
0.3593951435608754
0.3762108031437655
0.37122287513817326
0.3715937760885457
0.34372457810249984
0.3445809934917737
0.32592068146093905
0.37068313986047735
0.3386615185580732
0.2632132299173377
0.2766497088320908
0.24839912651630472
0.18423757634539584
0.22913336226281644
0.3075250931618018
0.26714402591363445
0.27302026245060795
0.25700089676858545
0.29036032194951117
0.23719987742395407
0.25442635809730674
0.29012451543428464
0.3462625276122543
0.28287899933748767
0.32943621959287006
0.2820036321770561
0.27406542971107595
0.377770662675874
0.3766290215165459
0.4048457905554695
0.40470076028449903
0.3929778632419082
0.3780079265764451
0.33733361150472807
0.328674602407268
0.3139563323476788
0.2577568839502736
0.2973276835018737
0.31063881131676224
0.2762915640404733
0.2918755485958987
0.2589874455142057
0.2276080634689638
0.22628625725466905
