5.460565473014909e-77
0.003861867912251369
0.007654201394379838
0.01129256310820574
0.013974349860814157
0.017198757049404736
0.019658266077685168
0.022985971752000636
0.02632452591479426
0.029020213938496967
0.03211234796655629
0.03465727765118392
0.03674604750069061
0.03986867273828761
0.041561240449207594
0.04372129618228771
0.04598476686098695
0.04804842231495682
0.0490854707765405
0.05127350755885437
0.051840763703207
0.051720343884408534
0.05502182055392725
0.060056294620586544
0.05755395214697703
0.06686420621609479
0.07023963918833563
0.06906913526644579
0.07659828444514515
0.08037591106480657
0.07205306376278138
0.08033175686574086
0.07789492577391956
0.07320856249473305
0.07215007027582472
0.07525638422170991
0.08622360951496247
0.07908191650652276
0.08889603481874783
0.0935601042597703
0.10245584316895735
0.09632972401870324
0.10195946013239963
0.09406051481515877
0.10533087153749103
0.09852294519776683
0.09678626300849323
0.09376225741611877
0.08695719654906679
0.09847301623850918
0.10701334593753263
0.10178213724132687
0.1068992934037748
0.11198018070371886
0.11034381985444512
0.11848225743198419
0.12343547748000504
0.10854799703641554
0.1283263028420426
0.1048276337062617
0.11420496119989541
0.09827019706257263
0.11061362840556944
0.10747915744994102
0.11897218610470622
0.09999622743389976
0.12575138946890896
0.11927402757811094
0.12981479831688977
0.12951894728123234
0.1304372027566504
0.13953329895072264
0.14401153909493858
0.13406961548252894
0.13424802996548182
0.13060013282221625
0.13098438699598286
0.12730938680300447
0.1181670740260951
0.13301200434505753
0.1419187798091102
0.14041638951236318
0.14021485650801194
0.14390044245508923
0.1506407789103737
0.14097552109507547
0.146186099979431
0.1360652735491057
0.13811516084764677
0.13544058397794875
0.15232210380986114
0.1383921770751361
0.1425242520536949
0.1520988418562657
0.1617698226613848
0.15362922508320292
0.1542294006965015
0.18168103273847347
0.17113038438859382
0.17169228193289746
0.17732703435435765
0.1582043036781358
0.1769337575871551
0.1617504667000358
0.15046462639578104
0.14231607946613242
0.1285409954723137
0.15741248773970662
0.15865508608304046
0.13564497671568623
0.16582937005660087
0.16526529339803211
0.1730592557838213
0.16758891054239014
0.1699617538271436
0.16306126429943163
0.16874536600015924
0.15095656751485367
0.17101347411025142
0.1850000522268448
0.17102966547606308
0.18616357455992452
0.1942070679198509
0.189678168957377
0.18243431194145257
0.1997147359127834
0.20002211192207242
0.19510741403204296
0.21028689506196932
0.20733641386110974
0.19787057433421498
0.19848863688289772
0.19658253753001528
0.18395613631774727
0.16938877163080063
0.1613616567078591
0.16429620626848054
0.1717620249904378
0.18212459960179345
0.15159414001432775
0.18257050077551107
0.19270073652390193
0.17580070506636103
0.15819950292337417
0.1528083122319261
0.1747448561902939
0.18156310045848068
0.1852450097251197
0.1881672680161236
0.19859772834503672
0.21025064830573242
0.20794559529332038
0.19746371942393173
0.20171915721065997
0.22182790914477166
0.21589551643808563
0.21329748225084566
0.21916842165014683
0.1833842205090919
0.2130568265925391
0.2037759866012723
0.1651964230165749
0.193238017588591
0.17366622680297988
0.16881221749741251
0.19536722921699176
0.1623355159567136
0.18952164315982056
0.1907341028657161
0.20349597874884007
0.17278234701304426
0.20901882115219692
0.1827766790313507
0.1625179934676155
0.1824076721643324
0.2125829496051778
0.21010548538498328
0.22127075270718813
0.24652113618471264
0.23743829328809962
0.2424648456028595
0.22402718886132367
0.23134348908293215
0.2338597297846365
0.22850639212194462
0.22341362060441242
0.2524143001650652
0.2172102814030855
0.20595718967886123
0.23523001093307003
0.20413157678660127
0.22660958772782966
0.18878789530697496
0.1932617136368027
0.19936279828729422
0.2280776779141762
0.19597149175346956
0.191931014304176
0.18635474017769527
0.20757601575398513
0.23152668469555296
0.18126790475596782
0.2299481456956868
0.20138131043916194
0.238690333916024
0.20133589684021036
0.2714412792520103
0.2472801462104216
0.24001049285032633
0.22935714891355258
0.25932318688771244
0.25619166830356516
0.21296448690042283
0.23200728271220808
0.26775960264320264
0.23197188614628808
0.25555648590497476
0.25707381846779676
0.2308467064176522
0.19396777481419494
0.22315459022676412
0.2405355187329263
0.19728072188312507
0.1987671829696253
0.2111356063788687
0.1964440983224997
0.2130787813993952
0.22080717973679306
0.2544248996338474
0.23865742953483754
0.24506347762719463
0.23732727614994278
0.25865238200170443
0.2515520325811436
0.2797293017810535
0.2407366283537441
0.2605865008984617
0.23772093193751273
0.2456590911770784
0.22142717692906674
0.2278779053394313
0.2462852747895329
0.2823485116458622
0.24613386523939126
0.2856086988117282
0.2733177183572993
0.22891358921799834
0.20691370043524343
0.21563178036131572
0.21935202084873853
0.26720878228145456
0.23049742627152348
0.22411261703085766
0.20736248672093308
0.2146544239440366
0.1872954223125008
0.22895244754579508
0.20591275850032703
0.2128179067338741
0.22971831258949554
0.25022766246117767
0.27419790807014144
0.3072476669770769
0.2780495095461973
0.28214433341670786
0.2503375626214707
0.24544972266776544
0.2381548769485631
0.25807470753636297
0.28362357078088474
0.27523950548063936
0.25712240151401666
0.22249974923713253
0.25215454773726104
0.25531702448295207
0.21135657301205815
0.24534853167548956
0.23975492739128484
0.2105752621205946
0.230279293454748
0.24463934054262287
0.24583349659984938
0.225952263349905
0.1908872000129702
0.19341817002114672
0.23001602102985952
0.2140755598950714
0.24347340278870244
0.25153710061692314
0.2677299691012519
0.31747571810934533
0.28633918948016446
0.25781601854268904
0.2690090150646571
0.30871600895090684
0.28997120812321026
0.2869011963138465
0.2887674789118015
0.2905818044710326
0.25298384347339276
0.2503182623176285
0.24599316364126236
0.22424746763563233
0.19096507506666566
0.1810014869897852
0.20324764382880173
0.23312763457752295
0.22326625056299118
0.2627539714859238
0.22204552697053553
0.23764922561092708
0.23260990551111063
0.22845919960772837
0.2418962139638691
0.24144394331832325
0.2447348268052265
0.26012197910508644
0.30299738178715174
0.3134799858733558
0.3104339491720707
0.2794970495837321
0.30695722617117777
0.2762394010652708
0.289550308269528
0.2800729684260922
0.28486238954547904
0.3331938325946702
0.29566510980307764
0.2375193977716238
0.27829237928806033
0.22384899307390616
0.20420439180821207
0.18378452513983512
0.21666970519951942
0.2424189764003083
0.23652655631197222
0.25075958606320753
0.1941331492007528
0.23180143788608273
0.2274095226050898
0.20365616953220725
0.2805372440825446
0.2781000288203228
0.28690728880485217
0.26981485748217554
0.3166700039269853
0.31189120050599006
0.30909518615175496
0.2736479542257656
0.3164820406222168
0.30632041649431846
0.3062629076999898
0.3085383378135514
0.3104951367424248
0.31554121885787934
0.284180754457685
0.3102380903419957
0.2888732854978453
0.26838711505288193
0.2795574854257752
0.22569802928874885
0.22056491729635122
0.2393372631933428
0.24784717783339935
0.22577773196971776
0.21435275476857174
0.2241634567973198
0.21937001387539873
0.2456479579774854
0.27073960274868164
0.2582219897717899
0.28648992561138686
0.2839900364431661
0.3371664659053563
0.33478053701901134
0.28576610429837573
0.2875859970371569
0.29085960146503403
0.3044723102567825
0.2858524235243386
0.2771948818214333
0.3101098178640657
0.32322594903300966
0.30416483318282256
0.28973022298533957
0.27734111083654184
0.2643865125632052
0.2342774988469815
0.23587735063536175
0.25972550177167275
0.23899243228798478
0.244071711019892
0.3075056296881734
0.25500744130661335
0.24340310804998413
0.26186881546907287
0.23616222674629567
0.2526292663261798
0.2550663015456296
0.2925216602277387
0.2606897018179219
0.3413108953096718
0.2997673577086264
0.2984528600350696
0.30462777854378803
0.29401247314434376
0.26827285475553275
0.25986684477377503
0.2892796947355822
0.31989329556914886
0.3134864504150395
0.3209260721652941
0.329580968521176
0.29151363438591454
0.30876209544366595
0.2737080400188919
0.21094775617513883
0.2678470400895209
0.24041085982033228
0.2485202910233193
0.21735439476278848
0.23637435924285047
0.22753092735446137
0.2510615539559362
0.2344165461029692
0.2783710428071936
0.3049726483021499
0.29671719041705513
0.31634485936984696
0.33590466493823645
0.3202791882372853
0.2572491104068658
0.33128313433897993
0.2918678557098009
0.2678402173261196
0.2845927995658527
0.3013424412957934
0.34816539392171203
0.32826894510008064
0.31131954085117824
0.34903506530347
0.2611737786893694
0.21177176643061985
0.25839480722041497
0.25914261153083035
0.26177545450265133
0.2564170067449402
0.19801804690008873
0.22646013246934718
0.23427999034136573
0.2452246062873466
0.2563423284917362
0.25471076541187476
0.24066075200581732
0.24761727895302932
0.3077054043113668
0.30407328660430705
0.2826685497110375
0.2798583329533886
0.2863898961481377
0.2875801796907811
0.2523173449474058
0.2657236264980528
0.2786574496586342
0.3308835784924732
0.37792677305446076
0.36197980642524274
0.2699524749380688
0.31546734384880376
0.2805349218434854
0.3032260066826594
0.2574007325896189
0.24563695872923677
0.22308210673253773
0.21878118452039041
0.27267639764161444
0.26851692710572206
0.2306382258815015
0.20335761690988902
0.2501014642714011
0.2809629953975567
0.28459780356231695
0.26717385399213966
0.28673061329227806
0.29977568594689996
0.3321827474368278
0.2934538908856067
0.26791911248361516
0.26556787242625984
0.263485343947268
0.24844263636488992
0.29556093013762097
0.38141582368933064
0.34936994822846507
0.29699261325547677
0.29415066428651815
0.30629448043840735
0.3237032521572555
0.24999530663872777
0.24287853281880054
0.26091052468858256
0.24207675150585628
0.2430787486751699
0.19520668582801212
0.23032212426017504
0.2153781964983809
0.24694702474541627
0.2649739181245982
0.25755255974537017
0.24068472448846145
0.24785288879735243
0.284354283330987
0.3074827010546602
0.3512536528059059
0.3227307412718201
0.2779005246692941
0.3071882091593222
0.2710356317447666
0.2540448298951775
0.29322485593146225
0.37317543922713153
0.3063951707413513
0.3371241065211643
0.30269876896734577
0.2706040424638025
0.2743601156773956
0.30800026774349615
0.20849014642969482
0.2571045133697584
0.23091190065556952
0.27578568685573746
0.327804185974367
0.25333264658845667
0.24242252611026432
0.2601823429482526
0.2237998362971648
0.23707543080782104
0.28057823837819823
0.2631062276852152
0.31469613954399345
0.3138213822809905
0.31259743289090025
0.3340633099904255
0.2847741315640958
0.3200291793615662
0.25936842788304165
0.2747848062178435
0.2640068102350726
0.35654785295615826
0.31929754688724116
0.37123693410083886
0.3515168962621941
0.26614291907370546
0.3147889396093768
0.2818415336495683
0.29734144510309723
0.2388932954275504
0.21582083423391665
0.2589126466222362
0.24332789198686866
0.21929725211585
0.2821196548959757
0.2891164252420643
0.23453222156321268
0.2884154568527541
0.2945661192248737
0.2964695889715251
0.32120800998001137
0.3081376731111129
0.35561525895676216
0.298003314038719
0.32737626555895927
0.28054477482715134
0.2800266507699609
0.3243598377544845
0.346830196524011
0.34500949928989266
0.3610974031483074
0.35043899941764883
0.2973494719198415
0.30825975503945546
0.2961295671816447
0.3159020732397468
0.29248080226430484
0.243448655595152
0.2806875400442977
0.248068169086668
0.23851231592145586
0.22121344292335374
0.28622534581637504
0.23758961031346068
0.23095598658085764
0.2698654893245559
0.2846516419495864
0.2950308054416408
0.3003103898981231
0.30715659351505953
0.3431188339532006
0.3625443928552381
0.3591552141033166
0.32021429479720936
0.32350170113145804
0.3442434890823195
0.3621915330856984
0.3544424738584674
0.3582960402535197
0.3372724248027388
0.3561185211494262
0.31505194758419885
0.3318506586591122
0.25982351420402716
0.2940069270112006
0.23662870995567475
0.2386239316359085
0.2652090605615599
0.24663203683499135
0.23894684829065768
0.23200960574774804
0.22546860883955605
0.2452573945619354
0.2964315980080248
0.26105523763774596
0.28792115175772504
0.3060849843070918
0.33215365660089363
0.36876166274848104
0.36318937436884513
0.32362711711973635
0.3147086583877615
0.3049251805377656
0.34869662665862683
0.35860758910718726
0.31299767702261855
0.30844301295639126
0.29863213714685005
0.3411156762251597
0.25536586367048963
0.2743156522168287
0.32944585049052044
0.31806166218499593
0.2445472825017233
0.2673851450290732
0.25453197273257927
0.25130058145569434
0.26425576011036034
0.21239928265473348
0.1851393357902992
0.25405328162389224
0.2816717711051681
0.2609947300865263
0.31338307522313613
0.33949402053910455
0.32003101570723397
0.34235313470673207
0.3937716616907565
0.38258095839467154
0.3245122222042954
0.3627993422970257
0.3542672181155768
0.30486067267665956
0.3439204684137234
0.3190857213705369
0.3029563695304817
0.3259466183077235
0.2522701059740169
0.2930189341028128
0.38003397904559344
0.2764443372600232
0.2443237060724927
0.2031110419616039
0.25867226699670764
0.2722736733390443
0.2555292452567268
0.20621573492908185
0.21414238168617472
0.2922954686633771
0.25804361962094585
0.27810785029371105
0.27867527021274247
0.30055134134084116
0.36221672431385915
0.3535304542249866
0.43630537834730404
0.3555666235279325
0.29587721967109815
0.3573924314234328
0.3313458843078424
0.3611390818504026
0.4061047982372629
0.34424727014277234
0.30105371176885726
0.3435051910901581
0.27680540108102625
0.298844984287311
0.2606969321262631
0.23901791439118883
0.21983686571507172
0.2522943035749955
0.2184698677701845
0.2335173680312695
0.2122206324606649
0.24501534759362953
0.2847060858315667
0.19922524586527982
0.26008655107081613
0.26115405051850094
0.3236911936070212
0.3569527331268506
0.36699640543425827
0.39509525372526183
0.39534206803530114
0.37992597014119656
0.3777842765400984
0.3522441676686906
0.3928174658482475
0.39610465441778425
0.42132168525999203
0.4094031358891733
0.40337157261612655
0.39254593087663114
0.3109291091220517
0.2598435868118366
0.2976776412003075
0.2476760549881378
0.21516519933479902
0.2495267921299523
0.23398483175756346
0.26958046072099356
0.2273318928426186
0.26636424536393494
0.2456050145537366
0.21608797882685618
0.2854735655610969
0.28916533842204684
0.322553515216766
0.34788439250328673
0.39684325548047356
0.41943527760064797
0.4169695662699339
0.4641053485159528
0.43569548099270977
0.43376347774919033
0.440198174803308
0.43322378670991807
0.39039813519630057
0.3860633542762799
0.37248975162466563
0.3979824036675613
0.3445598642354836
0.26580973317230955
0.28515479764259294
0.2285286270295978
0.19156049722333104
0.22563345238329258
0.2705119593030439
0.26952410738678756
0.2685396179750728
0.23745906961818167
0.26157203030879034
0.25569130368269727
0.22905357977471918
0.31208420161742895
0.35332308231230025
0.3387224447622901
0.3496698407456591
0.3400209311921308
0.34405591722413836
0.4340334882465315
0.432514058845008
0.4449203564399956
0.4526769207236857
0.4304999877255118
0.3886746833456026
0.34911687194525254
0.36375907385367456
0.33059351697255707
0.30626676385034673
0.30739547082877866
0.30066289228986603
0.26820934241567074
0.26705185697864
0.24883923285421458
0.193568028721475
0.22447183859442368
