7.203037783363425e-73
0.003906249629316651
0.007532341341453143
0.010903574024189408
0.0139377360714334
0.016788636004638716
0.01932836252684328
0.021729790700442383
0.024467183606566304
0.025982121083579907
0.028667466520888737
0.030166349280327166
0.031135173587295818
0.034406873817434146
0.0366322872951158
0.03684024785761641
0.04011681568816338
0.04053231193607129
0.04050912491067231
0.042282163382984676
0.0410149921842423
0.040487589821411554
0.046304895193728955
0.04913977097860047
0.05101046256054483
0.05581640182921911
0.05768581396105827
0.06107174757325578
0.06723155341724078
0.06610451451507135
0.0650772997727634
0.06589423336045154
0.055917000755173335
0.04895123405307225
0.05218277298532611
0.05258861030186996
0.05695014676380554
0.05586525855144255
0.060626615912438245
0.06576839557151891
0.07070849766330406
0.06813923208240996
0.07376010219082425
0.0679986989139296
0.07604006859361503
0.0760861221397858
0.06768442595468153
0.06595151603015968
0.06359099973627398
0.07272937279150453
0.0795111081069698
0.08341571658973056
0.09172103119813547
0.09349134161009767
0.09015056524997382
0.10381933302642286
0.10147902516814092
0.0886138182099323
0.1018146946285514
0.09634597998170122
0.08674120710998998
0.07163723694259728
0.06795941317372006
0.07070865343769293
0.07784556199963358
0.06926153723784
0.08326091812720002
0.09229239023343792
0.09578229722386196
0.08799183186601989
0.09755302269770134
0.09645031602622738
0.10262246409323417
0.10745054653000584
0.09951327586186656
0.08867967869677092
0.09466837973093938
0.08483986119574176
0.09283821906415043
0.11995955645475101
0.12243548123031003
0.11166236043926499
0.1232513960659225
0.12903394283488798
0.13254479803907324
0.12355562642132287
0.13059614757282845
0.1313169384648982
0.1082091832958049
0.09286086132259086
0.09855224331127642
0.09418565470238402
0.08895448361283259
0.11491056703100029
0.12068716225022386
0.11296283877779825
0.1217461176236615
0.1419734803678221
0.13368583119175426
0.1282750463360015
0.12777406646475545
0.12306944825877833
0.12105467266605326
0.12036351444067256
0.10431705801367268
0.10058682141809484
0.10434863280390642
0.147566192081406
0.15426600594975784
0.11998737479606146
0.12869873282774819
0.14432159134866057
0.15844933310105866
0.15092876003432984
0.15218484210291558
0.15248378588765024
0.13497202868424868
0.10468608732891438
0.11648486275481035
0.12843892760392817
0.12372233599131768
0.13471819409742644
0.13597657143253364
0.14895162998243458
0.14872139699159478
0.15134647542829882
0.1494033869679967
0.1502304861994895
0.15544947600982015
0.15448781906716635
0.14867967204492574
0.15920903215404777
0.13603023659942878
0.11346053883603244
0.12482966790405398
0.1531488182735197
0.15003308725345474
0.15367109971431678
0.16335153494165852
0.16379114339562934
0.14950434723406542
0.1606212508241091
0.16063180076728992
0.15970094946861077
0.12583969893703578
0.13070011405157622
0.14181169816232195
0.13742255175029905
0.12615314563996988
0.14996352864457427
0.16474808390832174
0.1587207147711069
0.151798345472021
0.1530516782047079
0.16947429758858995
0.15985728659823606
0.16153829842992232
0.1737719642942179
0.15654182781322387
0.15743905053097185
0.1437998219684176
0.11961714250267487
0.15372031178726772
0.15446269471751545
0.15767951840487388
0.17618536791823208
0.16892773483847404
0.1505690591401524
0.16999618779190664
0.1806505229090137
0.15832854850301686
0.17716334877814088
0.13896784695060088
0.11593229132496469
0.14201299389439603
0.16714284367739438
0.15348185946020323
0.17121676666061034
0.1918252341572228
0.19388606829197677
0.1838224973979673
0.18650415905631154
0.20130785148518043
0.18442240702820697
0.18013531671191904
0.18288176765736552
0.19257718471549054
0.18346367863688381
0.16664853790465012
0.17600153382198458
0.17643291716156306
0.17611645680245683
0.1736626900899694
0.1693149494534325
0.18560473536306782
0.2014058602690877
0.17181557944068193
0.1895323697235084
0.18346140646435594
0.18621289174623265
0.17746761130923605
0.12752645290072204
0.1582335334300218
0.15140901222966474
0.17462075308610533
0.1695628343184537
0.21733899350579314
0.21280342628138615
0.22128876105461245
0.23431375799815513
0.23268390739227798
0.22531354982213891
0.19911970117351976
0.20041007415386936
0.20524927332626197
0.20775546377789955
0.20656044154598968
0.20535140039969332
0.19715389736293035
0.16740805284619217
0.20880830100775438
0.2057121918747913
0.1908907930408188
0.19104282644117576
0.18308275761417303
0.1950010372576969
0.17802204301529895
0.2181545489131784
0.18146880325429776
0.16422912020139305
0.20539573761587776
0.1932538075965406
0.21349086232895917
0.22067342498712714
0.2500141948260228
0.24044165971221726
0.2512350770426883
0.24109241788914273
0.2308124028706874
0.21935897662696865
0.22407191690370076
0.24447526330927058
0.24639074029686792
0.2263968545593251
0.2190292418100685
0.22584301129297268
0.2004358000413603
0.21426336367670212
0.19096148827240142
0.22264160178159703
0.23729631773382884
0.19943012769927151
0.20572216446013647
0.19182354699413875
0.20961916300943262
0.19494152737339795
0.19181034603408367
0.16641799598964516
0.1578806997230128
0.20724738542295465
0.22640147073779435
0.25198880607116353
0.287959641794443
0.269056200263602
0.27257123480267165
0.2528895753213127
0.24484093976967686
0.22897759238753793
0.26297513568468106
0.25391426329641104
0.266707729560063
0.24448853803868617
0.20998005027653344
0.23152724509511055
0.21385047870931578
0.2484942339427947
0.23492182149370217
0.19547535068519817
0.19962326954885734
0.2481844673755694
0.24688785205249
0.23206574951871725
0.19666850122736848
0.19391724934769336
0.15215375516158108
0.17704398904445703
0.1857464784134748
0.2158113134267484
0.2623178700097422
0.2664445976765612
0.28371724907413276
0.286982270300465
0.2800489602423658
0.2662857680858003
0.2772052936765293
0.27196826354029374
0.29379617140720293
0.2775067941064883
0.278627446109565
0.24794907313364947
0.23880798954044682
0.2170203195508816
0.2385222066023921
0.19892419464390673
0.19479048432318072
0.23512838630933006
0.21281909897395115
0.2304755763043055
0.24040501005761095
0.22401591657805497
0.2198248724893606
0.2274143655793998
0.1912125947506506
0.197740258891877
0.18871524803956233
0.2401651204744448
0.26471259250997775
0.29994324322250315
0.31455886597829175
0.31136472348723027
0.2918000325264503
0.30639920049689295
0.2976769306884456
0.30011216882411956
0.29055783149310566
0.2996441453529961
0.3118525434458403
0.2813424798795015
0.2700492330987278
0.2514436802515724
0.2623102259205592
0.21609452604987772
0.20235157957674207
0.1994696139914206
0.24508656438920567
0.24218750150108279
0.23978797226504375
0.193353808190045
0.2006631300722644
0.1864766445848447
0.20295349380739053
0.21322063193540033
0.23687984022780004
0.28985356649989813
0.28826278041840137
0.31814799657149034
0.3217414409919858
0.34124249990616784
0.30039536585711335
0.3290750336294296
0.31912112394638303
0.31100644995318677
0.3169884188090207
0.316994102205298
0.3353187955904803
0.2966096459397647
0.31010471152859287
0.2636978066042391
0.2664044761890178
0.2337468961496163
0.19160810000386044
0.214894053652122
0.24525082016584965
0.23442770956639747
0.22026133646817003
0.19997125412922628
0.23510926346227612
0.18737931154311221
0.23600230520523463
0.2488128790760112
0.2601436525432905
0.2690491584854979
0.30601246788155395
0.32262861281648847
0.31253006053653987
0.30153137519540707
0.2900408093338448
0.2814307435904658
0.3129932915032655
0.323772299904953
0.29514084915835825
0.34176026264145604
0.32503143931820244
0.29921958027026163
0.3148354199446558
0.2889267436114388
0.25714823432890627
0.20691362065166205
0.23872326632148907
0.21932930110552878
0.21240461652246717
0.22009200287954633
0.2487386746761201
0.24762718736487468
0.2654724532930677
0.26455622996760353
0.2181590049780733
0.24309292297053944
0.22897625781057615
0.2834756572081298
0.2808230948351956
0.32645017578454505
0.30127041355864786
0.2941758215317824
0.29986992376705474
0.3152192193155003
0.29739434117071173
0.2980853705982531
0.29412526175407244
0.3202017809187947
0.3629011730267858
0.3402069016315591
0.30247870290836193
0.2550442415389737
0.2673844156237703
0.3075882952401173
0.20984774780376195
0.24462080406395467
0.21646687578128973
0.264982409870295
0.20135491946669054
0.237715046674621
0.22249705839095457
0.21540673719832176
0.19215925446906276
0.26456927932734825
0.275148502922568
0.3166817145361672
0.3266205532055051
0.32252352377648263
0.3048876593151914
0.30822801128888333
0.3114947222215189
0.30845628562485544
0.3169403654728507
0.3181046870538169
0.33975655337972976
0.3663232722797981
0.36189982611984406
0.34727281353873873
0.32386766693768276
0.27416807022963097
0.2822584643278307
0.2642888969735712
0.23364124379273674
0.2524053282238138
0.21651220947453848
0.20172656503971365
0.2433588060401702
0.2876235864625108
0.2159937227538256
0.2334205948492424
0.2546198685235974
0.23467278302243755
0.3127348803272518
0.32566272638639654
0.3156326622245683
0.3070242175694861
0.3200579256369699
0.30444491067206075
0.3119289059487378
0.310708766854979
0.3420842868470903
0.33433210178249095
0.365644248176597
0.39623982077517694
0.37020009099747336
0.32398397731384376
0.3190819426385887
0.2973062042237124
0.31187269097519377
0.24555658597844132
0.2684192238185735
0.2309167839221256
0.2408478530277682
0.23338174827242597
0.23020035925631932
0.2630663769136997
0.25664972480635856
0.25618837730654703
0.29068065409566607
0.28241598427933573
0.2631328622683944
0.3011698665587088
0.3202462930636075
0.36269312790259745
0.3631544009598697
0.3531601571011794
0.33233488418147067
0.3303629812454548
0.34945463133001076
0.35189214350111797
0.38915617594372226
0.4065092756556693
0.3291264549132922
0.33180126698686035
0.3148974825879698
0.29973272212284124
0.26980488881944
0.25367484438512483
0.2724596049498048
0.23706039192166717
0.25746839838491403
0.1967185009691599
0.23624542282138697
0.2759118387674146
0.3074446964444269
0.26574277762796533
0.2793055245705851
0.2526368707009344
0.2600349120471548
0.32016957681363495
0.320199031761417
0.3622357943209588
0.36404397060851434
0.33640008374755725
0.3784033695676855
0.36079260441609873
0.3445138738647664
0.36365608304065955
0.3904506296594472
0.3763991957304138
0.3559520292052427
0.31904265713120106
0.29207585362465976
0.2963411448772485
0.28709125334029956
0.25028658804467674
0.2524926116610847
0.22974934651592496
0.27061564293112583
0.2758616633438229
0.20596463659886657
0.2294072166962784
0.27983900637708875
0.22832072670981615
0.3039162091514583
0.3261834656601069
0.3184402329901372
0.31537975199394547
0.35587390015272563
0.38044607572358735
0.3454251924956866
0.3412919998037686
0.3717455374317521
0.3550134287637105
0.3895246176533385
0.34935022520451403
0.3937979932014662
0.3733990559620539
0.3776092569565956
0.3564982292465231
0.3218326698444679
0.2998411608902733
0.33341264268449455
0.3091892961253487
0.2521233961112203
0.2627512643942419
0.2411280235936515
0.2640963940190579
0.2325367867377392
0.2988504995320067
0.3154886723831408
0.314624231240727
0.3354853367155013
0.3471481468608586
0.35079173685288606
0.3828552681896418
0.36546873818702635
0.4224915154512624
0.3436123968615342
0.3772882253442944
0.37612567414666187
0.36557703083510623
0.39911812966166094
0.410518852830808
0.3905951098365735
0.3884088887188786
0.354042442498958
0.28976016087180234
0.30888919368895196
0.30333378015561285
0.33954818710393714
0.30374089481524735
0.24777967278130358
0.2606465979405741
0.22235595073845243
0.26381440763802083
0.24060540452002663
0.27177907373325844
0.24469584084481671
0.25431484187616227
0.3321180229733234
0.3556015982425926
0.3503240856659973
0.37840244174464366
0.3426389750396671
0.40538176743310533
0.3975632804312525
0.4120106519061334
0.41003797332857167
0.4014264657022635
0.42277269899865766
0.397473377536865
0.4011773762472656
0.3614724792433339
0.35848989930334735
0.3303545019081416
0.35439847713452455
0.34168719828531946
0.3084634840846311
0.2962043780359535
0.2428642366243173
0.2738168634184764
0.2703245153464206
0.22586645881195724
0.26089594272246347
0.2465359811367615
0.2451257708566353
0.2761188398719593
0.3720301740092829
0.3522477668721551
0.35275819962326266
0.3772460426657492
0.3925644923443762
0.3908264035786119
0.395140950712388
0.3906458587186626
0.3929964874276147
0.3934319775434361
0.41597632579576405
0.4291305056216968
0.3724245716547436
0.3651107348000337
0.3770807566478038
0.3743338474583843
0.3062979025192829
0.3300535735331867
0.3467004580930347
0.33345380705351196
0.25406651772807365
0.3219264098837684
0.2718603018678018
0.25300465664587396
0.31327390662963606
0.25748468082058446
0.25951889330308464
0.2587783943156428
0.3589130431956684
0.3801346693473239
0.3756530805098969
0.3519787941276362
0.3774989591109087
0.41223592135578185
0.45855397496645034
0.4120238393152704
0.36192673502645134
0.4055569143958223
0.37551945651010543
0.35720317550863406
0.39864324917019145
0.3962213403866252
0.37683731066960074
0.3867817066608208
0.36510280635145403
0.37171278421323556
0.41254784242874415
0.3218049146924242
0.24800165281969258
0.20823580068150013
0.22931227283301583
0.24063193270754338
0.2744322895908268
0.255846390281458
0.2436228532355541
0.3430016729069305
0.3647116036221578
0.35540867403450926
0.3888995501842064
0.41085572912926943
0.44452805644528925
0.4485436929400261
0.463116492640068
0.40605305563310645
0.3611115659329963
0.45113481525827964
0.44063370556896647
0.4097307422104119
0.4416765384064932
0.39100854511400046
0.38635831215299665
0.4114079056836996
0.3949913506222601
0.41840934530777296
0.3815351296453202
0.24568220916504138
0.23529607248779838
0.2972721843494422
0.2269844098393461
0.2644901607252755
0.20993043407854806
0.2500395533560146
0.3182758835926072
0.2478745346858329
0.3248242377303231
0.3601148667874229
0.3941498719168209
0.4369092003638521
0.45100250313716683
0.43039076980863533
0.44829944225491686
0.43156765839569594
0.4196629907173377
0.46588373193932897
0.4483550259478669
0.4273653902243624
0.4921386333882434
0.47453158317506533
0.4664065331687271
0.4520928821741106
0.4122515090803516
0.4127023183045283
0.3917888369460623
0.31746260627066053
0.24061090806959906
0.2924434120277817
0.2437568891616808
0.282811484565157
0.2543476727296684
0.25904261445719046
0.27402291828616787
0.2631409919368078
0.35814144812209103
0.38916949448033084
0.3961755742047993
0.4210916979955952
0.4735278746767892
0.4759501320926996
0.46308118879594673
0.4892821006977204
0.4656436818496397
0.45598948873426615
0.48240993202107463
0.4710750092417604
0.45548456630644446
0.4546996886415857
0.4300879876652092
0.42236820081697424
0.4331106396751668
0.3800617058837572
0.3701479089135803
0.27599221549094627
0.255158131987683
0.2523301906187295
0.29750936560818275
0.32943866301652436
0.2497028274134217
0.2743388540765485
0.27718204828036136
0.28586247550631305
0.3128854577020257
0.392583691300427
0.3981205871858309
0.43267368486257496
0.4193161248253226
0.4280991266831575
0.4063569509056294
0.45079124001821624
0.44510758113619
0.4805380589925426
0.47749437547081525
0.4531490971451036
0.429471692246558
0.4418579152974538
0.44345419219249554
0.424753179823554
0.40802542172997036
0.3637790878743505
0.36815267314112965
0.3072254728920966
0.29468232612716905
0.27971360457798083
0.27588831743201003
0.25653495680796906
