7.108412084176215e-64
0.00390624506856477
0.007408701420277518
0.0107711366581932
0.014380078787220455
0.01733792043236741
0.018974434894942112
0.02169053191465474
0.024368542495405463
0.024319472382630644
0.02724587451259904
0.028574985111916813
0.02770546586229238
0.031149096965419756
0.033600264045930486
0.033938116669729596
0.03589912429816938
0.036616789687052675
0.03837525668528063
0.037178208305797766
0.03761443588514005
0.03648841322728611
0.04221965597319795
0.04514305600504509
0.04644171750826407
0.05325920388678299
0.055395821614446825
0.06028885261027468
0.06199787976384626
0.06078336966491249
0.06111188455434789
0.06060287021541336
0.04270730044342296
0.03402475397304361
0.0425183533234512
0.039300938287519856
0.04337185211199924
0.047182539196830464
0.051170456559697194
0.053668955959299186
0.054560807383477766
0.05759210710201113
0.06295269079374446
0.05594991214270169
0.05973789754500307
0.06428839162533942
0.054124543389499936
0.05660033857703741
0.04934141620698639
0.06198395544684754
0.06293266180190782
0.07582160379239988
0.09218429016818608
0.08882477900690464
0.09337653011873558
0.09784083918838768
0.09745212115006138
0.0857403229481202
0.09175505121775639
0.10117403064629645
0.07035292580156263
0.05788542275620402
0.05348635734756505
0.06033171335750839
0.06647256397215169
0.06632701287150732
0.06996082814914616
0.08615017014328452
0.08833037961167015
0.07799610774714216
0.0960866396690524
0.08214448086215902
0.0856540782269402
0.09933367730424997
0.08601399840993174
0.06783883413406142
0.07508265508413098
0.06009806750901623
0.07564283138664586
0.11173480536242007
0.1148679128754439
0.1148855442086687
0.1279655535899498
0.13775674210676844
0.1371555378058596
0.1330978296452827
0.13572535820569295
0.11900074769473432
0.08837064629047053
0.07151564990998635
0.07912302163839706
0.09202760210715769
0.08993424233935395
0.10955224422259764
0.11311601477127466
0.09764817373266312
0.11927287071217361
0.13432624186183614
0.12826616176545483
0.12558521219369626
0.10894053179641756
0.11910078434065846
0.10078560573273464
0.09681429028869251
0.07843044990428993
0.07141130041302908
0.08633513935429665
0.13218281419125893
0.15095319241465435
0.12160995190942622
0.13502919860723175
0.152753098638118
0.16455729479545197
0.15011162162887876
0.1557707351627734
0.15982379464735672
0.12418218236308894
0.10089246837354555
0.09217316128608703
0.10638396654806521
0.12271406096692783
0.11837467139420343
0.12085810503450851
0.1435490982241741
0.14942406645350506
0.1463160131136925
0.1378264439823513
0.1448266302882971
0.1284874174144896
0.1386682806586268
0.12466241500768394
0.1333659853248709
0.09730297452013056
0.06529835824237314
0.1123095744137587
0.15424577694949382
0.15828275321828095
0.1636572876894611
0.17835685647175573
0.1815616253468396
0.15658716809534126
0.16372751897213075
0.17691693658342986
0.18445064694436705
0.12922293822703887
0.1186391806893181
0.11897290222708339
0.13066961808333913
0.10741231753458103
0.12813477644699353
0.16102368682109383
0.14120238498174328
0.15362097724566767
0.1441443076234271
0.1528990427871792
0.12682016246610214
0.14235499433829343
0.1529945319390334
0.14081966502631668
0.13416847391420525
0.10243872362433723
0.09281161533815148
0.12781845223995314
0.14308642715734163
0.17527948623618891
0.19522854145850235
0.19601641831154343
0.16907511427535152
0.18774787154457434
0.17976812917853863
0.17711649856658881
0.18939169998791128
0.12936587440167807
0.11610271915398274
0.1435119212727304
0.15623174878798737
0.13295083492694407
0.15053215261599343
0.15070480449695875
0.16367083646612862
0.13363949508266765
0.1577932995674331
0.16879459314930714
0.1481127934777162
0.1589779544672665
0.1622269462472023
0.16464901367312848
0.16172792235726127
0.13765450341623608
0.11469960466870625
0.16183188536149737
0.18076916157834164
0.1802435412499391
0.20685300001132959
0.2283665982984611
0.22308314557636458
0.19945716495847846
0.19597961836979674
0.19593283744892406
0.2090372893735146
0.1720360656409424
0.13062350365342848
0.16179675963623494
0.14379753933982645
0.166481929889387
0.16487373713432796
0.18982035879183587
0.17565871117680426
0.1831244837195962
0.2056924031591856
0.2157687144073349
0.19564454340938725
0.18864613030334812
0.1700607063314386
0.14898688240362518
0.17830231508833322
0.17005040965400234
0.14806703105027488
0.16958250255074464
0.18375208083450564
0.2222873384258106
0.20762192971760507
0.20810979293407222
0.24405605946946013
0.19480711441497084
0.21686011044019113
0.18202343326198211
0.24368629599172453
0.16438190907757075
0.16709774763930701
0.22500065963402527
0.187187018913127
0.21116259565688392
0.2066124936291889
0.2059206896666328
0.2029189377128566
0.21822359363315907
0.20519640641702244
0.19017216306515672
0.19814161656949225
0.20611960109140828
0.22955110600599007
0.22071993647178972
0.21827131534113983
0.16272957398369237
0.16067198125976348
0.1520690811375034
0.23165419582641567
0.19238302990204112
0.23619339915896714
0.2456493456736203
0.19754366913691446
0.2071203154818051
0.21834938694469555
0.2442692508156218
0.22545480231585202
0.18035719809442688
0.1882574420592128
0.18277142355567844
0.2119244366229653
0.2073739443045454
0.2209150902722121
0.24697052281583576
0.2295715755829752
0.24624651694980448
0.2068310745604204
0.20371634997521765
0.19323752432345334
0.2633702621399751
0.20649864768037607
0.23721993890395618
0.2499255682930551
0.18990589817336892
0.17909649816110362
0.1632060899935694
0.25157661240813145
0.24546417282214933
0.21369427837674126
0.23351642994654268
0.294884450406979
0.27214531310609
0.22798597298975387
0.2272131628431458
0.23058865989537666
0.20094329363333321
0.202820636129045
0.21942768553298322
0.23142087836340494
0.2666438303205419
0.23383558217816355
0.24997799731764617
0.26325307761588257
0.26827882960548066
0.2286011529688483
0.22090105740483656
0.23699939317994587
0.26412715848849155
0.2270170899807346
0.23919450637293477
0.25556566441855894
0.23493508306627808
0.1641735190335476
0.21488254146286714
0.19262265287549477
0.22129867387304925
0.25463475217196485
0.2568684760946488
0.24606782753394654
0.26059418771875353
0.21888429549612393
0.24963275138627064
0.26068565627992335
0.2060839771082112
0.2213365105856466
0.20291639601618375
0.27521497232417735
0.24584821429475565
0.2561587151166712
0.29049941781988137
0.2835695085022193
0.2951370972597513
0.2804631377760303
0.2672797885667901
0.2920211203775351
0.26588505718551236
0.25674932732182176
0.2917538281729314
0.2840173736756728
0.26224856525103785
0.20504757643754024
0.23385145610033958
0.20818387543288125
0.24296204123010912
0.21669736027784883
0.29450366479310996
0.2690892290811766
0.260226969259336
0.21592337759218982
0.21798948644874858
0.2094803409728563
0.26660882082622284
0.21024766851910714
0.22561055174782502
0.28830771689390833
0.25924980875074277
0.2902885158075067
0.28712626005383335
0.31315554968185116
0.2966433664135423
0.31121071921421634
0.27905317933914425
0.2769390243248605
0.2957494729101161
0.2913101556837173
0.31935764414562284
0.27940482078971274
0.2987661609131031
0.2471450392090018
0.22949491734164396
0.23346075192849425
0.22621447999323696
0.26801359018524223
0.3052876620339495
0.27018357124297604
0.25293863487745183
0.22216601794586743
0.30837254678978576
0.2000226440344463
0.2659467790406701
0.2702964792446177
0.2874565039253451
0.27394451692497335
0.27297599572715836
0.2609541240625019
0.26223750190937195
0.28871848609593403
0.3087540827240013
0.2679527033135089
0.2913281972950502
0.30816754441362426
0.2852862122952768
0.3305670184855234
0.30094261550446666
0.29441466431806107
0.30479850857103025
0.2710883491104676
0.24033886932729273
0.23088305484939892
0.2539657766748572
0.21541729151659805
0.2846013701308548
0.23860357552221664
0.2725158967065183
0.2768603267291064
0.2748214727491621
0.2873151976901055
0.24834453057884484
0.29538767565867163
0.2543136933229946
0.30705377453374766
0.27810591065959206
0.2950263776292044
0.2960124907354839
0.30520324605793925
0.2805828903217513
0.3126838691083769
0.29673474530202537
0.3112636716940686
0.24942539470686254
0.2717576871168821
0.3516907713617653
0.3253014091845335
0.3014585462856749
0.23600322832077536
0.24813194449323764
0.33351360668331254
0.2188893671602016
0.2265974623995547
0.24224002063531871
0.3019939600685735
0.24053696997945537
0.29913676453368265
0.25440379206960656
0.26679894832956985
0.24052004961525225
0.33931988800100027
0.2788529038945924
0.32720450592094813
0.3332594463053301
0.29886976095570517
0.31840322958299033
0.3542186973181151
0.2833760920761697
0.29784206798289325
0.3290792573007257
0.31586396797487526
0.32845847645330556
0.32762090454249576
0.33083545103385975
0.3147838294035456
0.28964041486144876
0.27884682757520973
0.32107758496308475
0.2308275973385053
0.22349017346410538
0.26586226996966106
0.23955392032446124
0.24939525435648735
0.2848970766151836
0.36298118985123207
0.24270608717520856
0.23901531187060437
0.30734601354723223
0.2755534234730336
0.36576845532813096
0.3442662366260022
0.3289482244722758
0.29919688422826024
0.35928497559525285
0.35037434340846896
0.33848893869216756
0.3349994626353361
0.36298591883694314
0.3533551959832516
0.3466161557577619
0.3603060078897153
0.34053353134503017
0.33824953673584024
0.30406011271232125
0.2889808598902283
0.2807873967325262
0.2510704985620626
0.2763673412424008
0.28151686741926507
0.25548346037522907
0.2242833891777106
0.26697857587234813
0.2969795715188619
0.29451633483557427
0.2999035893660404
0.3084346373284485
0.33812442536396986
0.3220531969060083
0.35837428649253844
0.3231054108206539
0.38107251473859743
0.39180810455342124
0.3715915694265258
0.34625975782952123
0.37577648436591343
0.4078041214663476
0.3468240087630348
0.322754724549112
0.3900005125647698
0.3251093347019379
0.3681098891162508
0.3412269858976904
0.268641266532463
0.3036527538390219
0.2935302193482429
0.2952129740488153
0.27819739498156776
0.30508584983473785
0.2723031418125308
0.2997083652271642
0.35861362305837446
0.3463986037361469
0.3074077203849993
0.3402119003359736
0.3143509485008932
0.3181876047538672
0.3445611434667622
0.35417785070046426
0.3749886304390239
0.39689954843819736
0.356063515815145
0.36205599124449434
0.4001568267204069
0.38297766498385744
0.3551811785054438
0.33914955553401616
0.3663082558576432
0.3711526723628548
0.32222142198059806
0.3364996791205869
0.30859527382589047
0.3389321446323541
0.2946753664996235
0.27708827266132346
0.24834260050213927
0.2634769211519048
0.29450472223964186
0.21952093193324843
0.2913909530226535
0.3481551532321014
0.2795251283281743
0.3459795954048601
0.3836455641108872
0.37528210189669986
0.31147487701312
0.3660439040824245
0.39186333982337723
0.34156916245726204
0.37096969690620807
0.3730137668276303
0.3868607073718389
0.38700190668350565
0.37425999924000414
0.3692648550341829
0.4019377236296452
0.359304938515229
0.35554862487915184
0.37521004186421153
0.33302480093628095
0.37909887568111267
0.3347059263682481
0.2606070129358335
0.31897722845958
0.2828827306601767
0.32751936401818893
0.31828459760630007
0.3173141638766245
0.3595919875087157
0.37808974773419834
0.36541409571665096
0.38681380993506653
0.3897602142816694
0.3892927817326924
0.38167856370264247
0.39740575264401756
0.35765369317143336
0.3728728455110287
0.38754247639354006
0.355079560984054
0.4097031701348349
0.391604956621931
0.39078023148146857
0.4013302955475596
0.3672712263177225
0.2965243993334215
0.3447769550067425
0.35605789142680255
0.360757272196169
0.31550485565897946
0.24814006885979806
0.3277651677949949
0.24960778115409452
0.3301688601292237
0.31969649631425295
0.3012823563750646
0.28915475264813506
0.3135367051396777
0.4029423128394026
0.4146794802989802
0.41311014667968265
0.41793863670315706
0.35145425807348574
0.37324445615641877
0.3960559426625178
0.3866066937309291
0.41839694963769586
0.3813165890966025
0.40817225145035013
0.3478029873186583
0.3861267120888776
0.35081330782238174
0.3703862103255983
0.3581791168500683
0.41873489362599947
0.38666982661191146
0.3800741400552829
0.30773776490261684
0.28202190825670753
0.31706013441968717
0.27615052211420493
0.266982288647513
0.33753263641911835
0.30025228228776746
0.30803977537610494
0.318770500625009
0.4287681035532563
0.3944009241769105
0.40529372590450163
0.4521998161323099
0.38178703701043665
0.35666249698737906
0.37354499350540527
0.36651637036964774
0.37748220773392405
0.40222671849143465
0.3810244295593254
0.42425654752637126
0.3901216540759279
0.384882265045631
0.4165078574735892
0.3987436412944682
0.4122057274767752
0.4187235032046055
0.3644194372341563
0.36362220992586036
0.2849241605659883
0.35932189966747125
0.31142984414661096
0.32186961355032473
0.3294166033746554
0.3256944253792995
0.3480703682983572
0.26986932913926154
0.3895594029858208
0.4025845052542402
0.4092249396801256
0.3549945245796724
0.42504222982568785
0.3900015551130169
0.42825598552332567
0.41246267783726287
0.38367979108841005
0.41435118716915953
0.34816543711950604
0.3676732744803616
0.4437394029836709
0.45340710645984994
0.40447792768187457
0.4298011765708001
0.4412271285469091
0.45642826507441286
0.4278283599229279
0.3529515912951332
0.24783946127835293
0.23666205003527213
0.2643705000708027
0.26865523523092416
0.3198396838551799
0.2983728967626334
0.28915897811124364
0.36395766323750567
0.42851962775230856
0.39053266684260163
0.44960919050990145
0.4697485953809601
0.4818341726420486
0.4564070071167376
0.41164473888704345
0.4112372546974761
0.3875737954354532
0.47946259577227623
0.4664711455725319
0.4022236095373066
0.43387162596837664
0.3943302955663172
0.4551562824342348
0.45229764213167223
0.4944041598255794
0.45657246999386586
0.4591192213569949
0.28700176904072144
0.2907458334476055
0.3512953619478413
0.2820910984828985
0.34577611116276447
0.3032590273663509
0.2899149564120562
0.36689351283372096
0.3228437953187465
0.3983057673364942
0.44884452814744785
0.4558238095774781
0.48216727749114824
0.45800146095465677
0.4115935948649703
0.43888643904987923
0.4434320018005002
0.41109757444861905
0.49703047656347404
0.4484893063076404
0.42512405045841145
0.4889610946453967
0.5004325388311642
0.5117338101285112
0.45675692037975846
0.4580134654921411
0.5048713173092748
0.4571426475403044
0.397834752024515
0.30954184231266896
0.33034297259202994
0.28972376219536194
0.3550852954957522
0.3248124848476612
0.30933647307248585
0.34480262438932546
0.3239660732698323
0.45532663418850483
0.4887386413836446
0.43792175265428723
0.4591144769482278
0.5080631175271493
0.49382506378590874
0.4405599156448084
0.47164980409335006
0.47761881933163736
0.4593346408354487
0.46114350138353255
0.49406649760303856
0.48924098325033166
0.49231707368971317
0.43239025949635956
0.4162689566629794
0.5141621315790731
0.46841697829663576
0.4119767321136733
0.3379619526491579
0.3083283938402472
0.3153760361203201
0.3102693075680395
0.3721605989212223
0.27596684479681366
0.36863812129694273
0.36614445053691835
0.31069875955314297
0.4058593342066683
0.4706265697734247
0.46113029511022147
0.45789726840508577
0.44671310558520905
0.4486674980043976
0.4357928022092964
0.4666836409667054
0.4475018835060977
0.48985948792367784
0.4728512706562483
0.48806856832536805
0.4657967585884648
0.5058428606358988
0.48503233445931593
0.48379392711725244
0.4717463437672638
0.40160098083013895
0.4255806762590782
0.35059829919929186
0.34864769946074464
0.3497284074521767
0.35444421685759026
0.3142435223468076
