6.371740343918327e-57
0.003768838699848414
0.007525840225565362
0.011136509602714636
0.014938046049761372
0.01852148802763635
0.02048136468055899
0.023640959333031213
0.026894114517670046
0.027550765137020174
0.030607458008956645
0.03189594234339411
0.03209277002684879
0.03521906670400957
0.0374392684191177
0.03847942433631393
0.039966774930343674
0.04112805443065458
0.044040131217455904
0.04193671473745791
0.04235385025844
0.04425138948918536
0.049167998459221166
0.05244076466378648
0.056230146129698226
0.062098946089756454
0.0628812370813128
0.06997278148495821
0.07210719338227949
0.07326304173433988
0.07312786662523216
0.07230710915169758
0.05462464964220616
0.04687493501516427
0.04766577077967627
0.050890907046305674
0.0636973364806999
0.06281119517746488
0.06935833096290889
0.07306297917741293
0.07404291306058318
0.08044446733509493
0.08139556494957319
0.07523146391322941
0.07420862521390356
0.0752250707456457
0.06498145339939888
0.06785464031490955
0.06196281823739544
0.06942688001371931
0.0770848427279642
0.09330121392589785
0.10521511573332405
0.1067866354717143
0.11098063624136992
0.10899080344914282
0.12014676732638031
0.10866759998234916
0.11635588922907276
0.11803032241930846
0.0857303018252874
0.06952353505188763
0.0704509622184693
0.0838051554508691
0.09240867506859574
0.10589595289960833
0.10659059492491008
0.12615649224702732
0.1342462452921219
0.12707052519006043
0.13266969516829766
0.11968037541425187
0.11841340339531167
0.1257844194594625
0.11713250105989859
0.09184685178805482
0.09573185441912906
0.08639004235702054
0.0919276608621216
0.13176701508120997
0.14336264173038707
0.14377945886712032
0.15942900130131057
0.1641258071611977
0.16786182824486795
0.16490792214432584
0.1731457369740947
0.16320488555062335
0.10457590698617102
0.11343537529410368
0.10830753251823502
0.13575914533195044
0.15094717717134612
0.15386015523868535
0.1684938172999405
0.15319893697857628
0.17982633888851599
0.18762902427194908
0.1922798032883816
0.18850457490145442
0.17707881529500558
0.17517135697660377
0.1528055481199508
0.1313461416184083
0.11546530697601844
0.10191454402122178
0.09964512600110387
0.1525731698347636
0.18742453816790888
0.16157077717696378
0.1964890689688907
0.1801680204819702
0.1982309834644096
0.19302633891072246
0.20639246647839313
0.190360319594628
0.1387212448117431
0.13464995431992538
0.11772133340706814
0.15619060959283465
0.18573981271805257
0.20085945516463627
0.1952455723130577
0.21210705967534768
0.21244485193915044
0.21604593958791626
0.21507421736067844
0.22619520418997088
0.20096816757144204
0.2015008982509822
0.17654833794271102
0.1665319973750972
0.14629772353752069
0.11751783601796832
0.13757026990957671
0.17290290832318483
0.20553537923671392
0.21611779003424814
0.2200425143260535
0.21076105520834354
0.23010726595205258
0.22760971204105748
0.22775750366521857
0.25552201168290406
0.17338557647991512
0.18714065637767582
0.14439464043693578
0.19796202611889568
0.18682626817773404
0.21563176536847012
0.24937170421594984
0.22673221670263494
0.2547072329080662
0.23834935169011043
0.2378620655558529
0.23892606773941164
0.22769869828901115
0.23890211156293864
0.21991033970359308
0.20232580276224227
0.17652131896860954
0.1325898175036527
0.15883703370389018
0.20880088122395365
0.2416696105868785
0.25694870671526077
0.2684291253990375
0.23992615684495613
0.2598480427882327
0.2533480829547378
0.2399495643805747
0.25984019798496744
0.1851975577384528
0.18658820400424633
0.2062148284801251
0.21958031995995608
0.2314756330912096
0.23301592267804255
0.232884210840722
0.24973610364652288
0.21715650132103287
0.21054723980173384
0.24798980921519564
0.22883323081288243
0.24169342802584307
0.2558539111893976
0.2512156703375087
0.2339412169916269
0.20601719558791542
0.16160268335526998
0.1794165720763362
0.22399914254189315
0.2891192590867144
0.2974929262305104
0.2828912313731433
0.3016619659052608
0.27827677765184283
0.25865928214368217
0.2551914774570866
0.2787191696325084
0.21699404388660729
0.21475691948920625
0.2282947770452848
0.22063234390305853
0.26593779123465316
0.2582126890366468
0.2656816947959423
0.23752269084412755
0.19964654225882517
0.20376960413297385
0.24254724167871297
0.23715225205835022
0.2297316373002236
0.22628387483268553
0.21622670702233998
0.24000452556350635
0.22222670757628973
0.19117999876259997
0.20092250695944197
0.2672173178579466
0.2922397810404236
0.28946965005823977
0.2595074713606093
0.3341917151583385
0.27372766060226417
0.28471313464357384
0.23835614657109336
0.2745061525671769
0.21216368648257014
0.21938926752587898
0.2659466566987473
0.2428909783228857
0.26814673090857405
0.27997096622717027
0.2516398130969943
0.22779673824613508
0.23981999082983674
0.19044828396555763
0.2014870482249487
0.19277191106147684
0.2772463212414033
0.27432991917078275
0.28311803198752583
0.26567359468982815
0.22583760224573826
0.196035304377751
0.20646607859618168
0.24523014082300854
0.292110906996448
0.3269766605320399
0.3169230363082046
0.2809236326044805
0.27894260361902506
0.28630258300129624
0.3467236104740745
0.28834152841060046
0.23030168638285287
0.2294255886567483
0.25336420463351406
0.2619033272830233
0.2638289603393031
0.2845818242751023
0.22947966449445023
0.2438938518178122
0.21261904720362365
0.20825431196523686
0.20232225991199798
0.22577980134616357
0.2987932595238997
0.2380426047428619
0.2747594958442091
0.28660699923357785
0.212750544106561
0.2031608339117407
0.21748044574570696
0.28528517506739315
0.3085981287913122
0.3048403171618011
0.3192698426117904
0.34197253433640007
0.32699462650792177
0.3037930877722703
0.30677944590125006
0.327890749528634
0.2518958519523868
0.2363751889895005
0.2819728691416484
0.2888174183251861
0.2996230569681892
0.2761545307265971
0.285417647874367
0.2690595239987279
0.240220330903285
0.2193838217799665
0.24261018148773159
0.2653006223824433
0.2761625069921264
0.25843023975122376
0.23998616902937633
0.2815018236831408
0.2501735272450892
0.202315407649049
0.2095002381838037
0.2595887363542876
0.30809333159237134
0.30644386465346524
0.34536381301873714
0.2953977722470905
0.32886831936847755
0.2754825054307988
0.3365740752858529
0.3386528829805717
0.2769569063454147
0.25346553509770814
0.23423990520532684
0.3273961222108328
0.28705294778233975
0.2775229246699255
0.2983397126468547
0.31039959010563617
0.33363362525076634
0.28795188891641044
0.2588726429940706
0.3158259673151313
0.3002091794304863
0.2512786681762311
0.305651450032571
0.2997385554989473
0.25640552810259587
0.20559458940516567
0.23259866556042194
0.29153803297472236
0.29288234428804116
0.2977946039964425
0.3652513676090785
0.3610337097680964
0.35898769207062453
0.33141484148558675
0.2784773582795072
0.33840384039829474
0.2866453488515408
0.2682222504951788
0.21610632355734827
0.2921874735108294
0.2825863149488515
0.30520632257589325
0.2853079391343957
0.3155489369414563
0.29968931690910056
0.3328821755845065
0.264635328474194
0.3108168685749265
0.3255837097953529
0.3027088717355841
0.3126907607125667
0.29391417953502935
0.27886730831329976
0.24465361914200418
0.22392294727311007
0.33587069726286956
0.36466975641855415
0.3535399829539471
0.3962973601167896
0.33768106501283995
0.35076335811991594
0.3197176303139239
0.3383579655268821
0.31096875463725693
0.28813608812481517
0.2461831320353334
0.2605190414805966
0.300583890235665
0.2913023922813994
0.2585248911786317
0.2936318333366653
0.3019079884720424
0.31036041244187385
0.30431042803749453
0.2644774568824301
0.30486904444904234
0.32685615845465343
0.3376167875071146
0.2885032917363536
0.31782472722059973
0.28650195568080256
0.29116009560647543
0.2506272825581281
0.2908276922593296
0.27897326040932935
0.30779761974279696
0.3702536500565575
0.3245261206914252
0.35724094583590726
0.3476248756403012
0.3864561025272499
0.3845709582729979
0.26953359714527764
0.28214258885457694
0.2832141352101141
0.31522533283367754
0.2888215252653943
0.2945959891385889
0.28069538753708295
0.30805157912662107
0.3083163183836397
0.31408452299520656
0.32185283424418665
0.3397134097097709
0.29865662195984777
0.30445981153131607
0.35422909561729865
0.3190139224546529
0.3225492823271047
0.28077171276441937
0.26390902131710336
0.3355416121938816
0.32854685904583664
0.30456141275749526
0.31755247043894225
0.35408345853015094
0.3106629883065949
0.38386380199223746
0.3054262974003391
0.36418578166276216
0.2987012545797873
0.33622260389699316
0.24851773832841337
0.31719066012833047
0.31530914427174367
0.27001226408831935
0.32449575734924435
0.3055169874030991
0.27301421966398165
0.26855541254293747
0.32360884115510263
0.31805451081105435
0.3097132834047728
0.31423066080983114
0.3168560752193875
0.305629833435742
0.30301321745744
0.29526062323182484
0.29221743624671237
0.24238796481417063
0.3491245988299344
0.3486928030969312
0.37965507949699034
0.3944058967423277
0.38116769703974185
0.4154004840288373
0.3107137390142785
0.3039913764063445
0.3289188950292218
0.2722101403149273
0.2978908858668571
0.3020406702842257
0.32659016716061917
0.2719796085292931
0.2949017360834472
0.3449739164316315
0.28984635307428724
0.2882477082882842
0.32333805980429375
0.3123719777360551
0.3177557037122781
0.31566506248908566
0.31856307160840996
0.3200552759425547
0.2840725050056803
0.26673715728509884
0.3082908516776707
0.3071716718394586
0.3590157626478869
0.32067214035224295
0.331687515115035
0.32196773099895215
0.386757502716743
0.3684396319197726
0.3079440350284047
0.3801518160740418
0.3337890983874654
0.28880488776380026
0.2915052662846898
0.31621839282482633
0.2874831266972922
0.3298778532895335
0.3101363331898903
0.2608022212086549
0.24636969754086754
0.2700776200840798
0.3049333423580654
0.2656614439597618
0.27919154138154334
0.33988482481756505
0.33272962541421364
0.3549282398319894
0.31715547805959504
0.29012764270777675
0.32494662403507274
0.35191631520868727
0.3516563699978303
0.3945186383780652
0.35601472265278633
0.3656923731790894
0.38082495991992044
0.3917991875586665
0.3525359199387767
0.3615123342566531
0.3542664565598427
0.32382819510961325
0.2984055507594692
0.3417810717845837
0.38925319503074157
0.32740337712345324
0.320362699624863
0.2939638056223828
0.2424622474627575
0.29186162954195893
0.28053640153489356
0.29178147736458565
0.3193186601233219
0.3264009517022551
0.3918799255917596
0.3059910202042661
0.3168118939859026
0.32133824711339615
0.3328672915480391
0.3715727509544508
0.3457929046668873
0.32534967164361395
0.31309471821991613
0.3482509908782667
0.31820952541703124
0.38970765791826856
0.42274314337696567
0.36401465242958725
0.3531982375700861
0.3594833774895741
0.3544933790680068
0.33465731852012465
0.3436634559192877
0.3365615809865796
0.31926507950629357
0.30192878824414704
0.29564319701534947
0.28114201904055575
0.2659487330304369
0.27804227902360773
0.322661917346958
0.3626062863582714
0.33991538692335926
0.3286357438662876
0.3541699333038568
0.34086395258942437
0.3325203759064406
0.36520109488619745
0.3090873896535058
0.37223882194647334
0.40399713677240523
0.3854463421993003
0.3908091032249058
0.3626364468667939
0.3432261175332349
0.39383602579507926
0.3254817311976505
0.34344271958857614
0.324941239535379
0.3451425302145875
0.3823812041643958
0.3146190855094318
0.3416735234104947
0.30279612373028053
0.31589834600737315
0.2840630547953933
0.33219923225981024
0.3079962377349764
0.34135628944167323
0.3579680842744466
0.314709440141132
0.3029767766339127
0.3606482129216277
0.29952904064736174
0.3475833407472914
0.33767311626593816
0.3015905408705598
0.3678277235885867
0.36070316462118374
0.364428398449913
0.38127712991273255
0.37275968249296676
0.3341649875183455
0.3600195532804297
0.35132726202701675
0.34424713822002345
0.33653089323327073
0.37360498616855503
0.3115082678271815
0.31967039119814034
0.3734522708764726
0.3558704977416189
0.34192871752171466
0.30410105637288865
0.31026323011096507
0.28053820367131527
0.323419022472952
0.33871895473397323
0.35930776064265174
0.3777737864821102
0.3766717189643713
0.3141232076159293
0.27063539808306003
0.37386675427755867
0.3602185020334013
0.3670117809879223
0.36237290491358065
0.36555361488847776
0.4047551276676743
0.42043484504703266
0.38506127350114505
0.3687387338066452
0.29981635043310884
0.2870542180997245
0.31484823469497697
0.3942639137371721
0.3895617634770595
0.3473584478710861
0.347668245032346
0.3368521987509581
0.3329986743062862
0.33751721424969683
0.32072993481539025
0.3405888731279893
0.39087354735191865
0.34338425239253473
0.37864938492200345
0.3443335428994938
0.3102551579771709
0.3476060300483423
0.2806887035253378
0.36941696429632637
0.3505391823125626
0.3916315422871373
0.3716051543196353
0.38653749217379557
0.32356788311478707
0.3953685574565975
0.39715194247124336
0.3251637998138068
0.29556776112452604
0.23102264122088556
0.28802387087107006
0.31783704234864457
0.3917670163340799
0.3681646313244614
0.3392558760504532
0.3882980609265662
0.3861363923752102
0.3452042563682749
0.3379983748482221
0.3754066254254167
0.3788507778693839
0.41373122871728607
0.36712136912345167
0.36970439573091235
0.3596663322898701
0.3291420693314132
0.30527645244172946
0.2982224796670452
0.3506472666121917
0.37045472964651577
0.38831801219513373
0.32992553451624834
0.39464093306333287
0.33386056098723466
0.37043699941771485
0.3590051137760612
0.2782791069534379
0.2548691341720968
0.2895082600156146
0.32308816680087654
0.3553873090289789
0.39559779191757155
0.33387786236506517
0.39270745247469185
0.34052351638294176
0.39068514425023215
0.37682027781119004
0.3620715262873535
0.4058129641456118
0.32923779785417423
0.3582806260369233
0.3596087460609425
0.3251736361831203
0.28441311560002425
0.34719559828619295
0.2931292729170027
0.3342738211448871
0.37252356772986006
0.3876387209770857
0.37453357198689197
0.3893935861467796
0.36019320261607096
0.3778122591118251
0.39098096931926835
0.34167057906842174
0.3073626272988416
0.29705418327362204
0.3134026977258684
0.3049135206198086
0.27611110794217747
0.3789141086882153
0.3754441221856017
0.3748534267483181
0.4060747619834825
0.3411069783880522
0.33302769231861346
0.35815694265754205
0.3483870849012266
0.383162472853837
0.30545289729895553
0.2777476964533958
0.3043590383062113
0.3006876879577287
0.35495842038661046
0.36407470818238213
0.3939306660179221
0.37669755897034735
0.4115871963403042
0.37818392238767873
0.4013598170128569
0.38844977724454566
0.3401075147114202
0.34066225019814034
0.32045463210380565
0.29148417588599673
0.28611465212012555
0.32540146685648974
0.31706137499392256
0.2837594847216922
0.3481641971893824
0.3821789410084616
0.3597608694301276
0.3259068358871402
0.3262092983327105
0.3237349042774792
0.3298666162588565
0.29233745154584306
0.2427573372248972
0.3265696995651667
0.29348987908849794
0.2585992411220317
0.317184810874604
0.30090739177361725
0.3460977586097858
0.36956021051640253
0.40359670504720385
0.3842329565091153
0.4247937415086225
0.4044823977448505
0.38122411128978884
0.3086131724804058
0.3154873662246931
0.29718879062932485
0.2594252445028664
0.2477030072718934
0.2770016677775902
0.274948612023532
0.3136998011025916
0.2834718138791991
0.3391619059803768
0.2993282935364404
0.3202112151734837
0.2738705109626454
0.2879421129773518
0.26896379416478566
0.27581361910147495
0.25954715256562366
0.22742116173297475
0.2752491189033393
0.35996053755652985
0.3566204493712651
0.44315239845896043
0.4316633098437845
0.35785594765461826
