0.0028513083969974318 -0.573062569022203 0.12765343368256427 0.20258727623644793 -0.2908903335128537 0.8818648878381625 -0.042750466644228546 0.442842805462245 -0.7825819608044225 -0.836874611772 0.3638678957508714 -0.7410801205490226 -0.9329735839036193 -0.5602486147713076 -0.22144479587428395 -0.7016364705648541 -0.3984198086959097 0.5379584490039612 -0.8014469241699711 0.30725907181488177 -0.8588539160920408 0.3187121055369497 -0.9920551114892189 0.060050369781705075 -0.6734698595685235 0.5208404327075494 -0.9282159478775007 0.046434531899536134 -0.24798614584117434 -0.9880174614352134 
-0.7159392614964994 0.06670858646472579 -0.045499159844113034 0.044316929566967374 0.7092117309485041 0.4868592399301 -0.1699851295920254 0.12340504624281126 -0.6874174083275912 0.6013087454539204 0.3349780094204383 0.4808207330206694 -0.7223978359986697 -0.534025622933069 0.5221421261399294 0.880026817764561 -0.6627974180460733 -0.30077241261770865 0.25209735322401 0.21618747630367927 0.2523918107153249 0.6156020307159306 0.06698087746767385 0.8733596207254749 -0.04252168112566748 -0.7880788293861174 0.9951932590220246 -0.526853084474468 0.48952786472581866 0.8321574807079963 
-0.7717844063465944 -0.3167216850384595 0.606514036577192 -0.2732866302098614 -0.7597321037227877 0.6952368455467496 -0.18392942115674663 -0.43199064046316743 -0.23628775038667693 -0.7002132261894148 -0.8511853398878144 0.49819651250820507 -0.968039052963341 -0.4295529992693315 0.08268472819239539 -0.3922945067283043 0.4320447030671845 -0.5721527510744402 -0.9426707181208561 -0.4088617891673253 -0.851793523173745 -0.7567167635928514 0.7065227074008882 -0.3376616843346507 0.6560145962293223 -0.4293034925276315 0.25693582051815345 -0.6435909907539732 -0.6118654807983335 -0.152292225959818 
-0.1513762400630576 0.3077206293002429 -0.60888865185391 0.4011583037704673 -0.11337495781683073 -0.4496720764566992 -0.5323028793832701 -0.5327584176119032 0.6028551727576914 -0.3165864320307885 0.9861002813666349 0.38533943411266475 0.8060412895091728 -0.8198088910783617 0.466651730613909 -0.8985446561513616 0.6851622945035578 -0.06240538744661312 1.0196462186160116 0.47685104500404074 -0.814905165066156 -0.8572196051899758 0.5518385708432719 0.6192814836533791 0.12156701580881596 -0.7441908813273316 -0.41550302726144006 -0.1642071336412765 -1.1715037515066415 0.8938700764615534 
-0.4646436990881939 -0.5600412036832745 0.8192361836876194 -0.504775940936523 0.31709066688929366 0.6620494148694401 0.07533260889763967 -0.6346050026483833 -0.1845750976009339 0.1150823106230628 -0.5187374261532673 -0.6251411080661603 -0.5075883282107836 -0.7524502717534894 0.47572736388306636 -0.8286466077629967 -0.894089598394568 0.22218751406173212 -0.26706314846086965 0.23922938436653024 0.5634077435035681 0.6319602749195656 -0.4527510484115276 -0.45785141675773755 0.727016136007262 -0.2622479764055749 -0.7363325965152062 0.6492256831523671 -0.6274948218072998 -0.5049100334693155 
-0.0946675656901208 0.911753177549468 0.46353691242742556 -0.8884153739654675 -0.816432391342965 0.9170725033555063 0.8761867690178619 -0.20073425518272084 0.6166693633345396 -0.43445277200590693 -0.07872631065900339 0.3214953885509189 0.005457553810897637 0.18330813449381503 -0.8984787583181193 0.7342534536166316 0.562578136008894 -0.5835708787211255 -0.14128554942307955 0.3237840424928648 -0.4747507237202684 0.6554348529305387 0.3613507335654155 -0.8526388976001231 -0.904213103147573 0.08607623227107745 0.43959722386554756 -0.12154037340471825 0.5063038882792632 -0.5534242587810317 
0.424035598939857 0.9531723162017461 0.03645136095580823 -0.22377258599124256 -0.15114708095614054 0.7980407204280437 -0.436655487834545 0.7886601364646927 0.37069460450299213 -0.616555989809412 0.9646918387138848 -0.0009653444353149182 -0.578187966026119 0.251416307715963 0.752962351387294 0.8185604538477391 1.0264489235856058 0.864216985567218 0.4278235548090886 -0.8594271821832756 -0.0820882051241154 -0.23507983694942358 -0.9179394997558438 0.881462867091543 0.771795167299427 -0.8016715978148955 -0.24074984524992102 0.8603285168378229 0.8802295689566375 -0.26404417817411807 
0.7101763082518735 -0.5549617030607468 0.6701045393734751 0.7803946767478753 0.4703927307567804 0.31726443744522254 0.3952503125212123 -0.08840100936232798 -0.37733990355704916 0.8090111085507059 0.23292900624087548 -0.41441631229845366 0.9073540392713186 -0.6515276473931303 -0.5329063626069626 -0.24349579655462025 -0.23175024123273175 0.010230041066752647 -0.15378576007847594 0.5421090664220429 -0.37871672231161074 -0.7180800504623195 -0.9601468999687229 0.38016215683494603 0.33593959084442504 0.8637959890166063 0.17802858372060093 -0.1218383697896914 0.8671419297324569 0.2879791091777134 
-0.3179651037568614 -0.7784636799497974 -0.16969320831926635 0.643579025316537 -0.2527291133847547 0.40932054282799973 0.49865462101783936 -0.3689181295324016 0.507478332112569 0.6565665746640811 0.6274324228441603 -0.6001265057710847 0.9712860758991347 -0.37513523639164886 0.060914503714147354 0.22893719065580992 -0.5490807519125379 0.3013888842067751 -0.4831095322120681 0.422858387552502 -0.7372050734424668 0.9215943730395588 0.05108550845774511 0.9082740501712753 0.15870482278268438 0.31699560543204086 -0.3317222460328413 0.6988400660778621 -0.10082479836606044 0.6205674114461355 
-0.18184972720678827 -0.14564044320531583 0.539603097835226 0.08116448026081333 0.8083164136691346 -0.445479059390372 0.3787793004217429 -0.6899562628981863 0.006479842598416893 0.2683890559505981 0.8447844931586694 -0.8486380814473296 -0.6941809672440755 -0.5217099351155363 1.077685156597805 0.8479226233772188 -0.5234920187353728 -0.6686842909775127 0.50246102971606 0.7867289954747144 -0.9163627869252845 0.5688256733655473 0.5125335562585043 -0.3203087990885023 0.6744260762799282 0.09595082178874127 0.44019826359090136 0.6155632921676241 0.6811686468874159 -0.6643890762742816 
-0.3435449072122745 -0.47554870087182927 0.971521746935581 -0.22677418201244948 -0.004236096685783298 0.3477752383314134 -0.7250028132706314 0.7431512634959146 0.874717588838594 -0.16683005378474222 -0.8520638232628877 0.717665375171805 -0.5929617368456411 0.844215561429784 0.8781643846399528 0.22927492904939029 -0.053424080003844306 0.7166345330425059 0.11075638815510142 -0.34543024638509207 -0.44339105506278037 -0.08105248544055593 0.4670565506190048 0.43314777598247456 0.2711880769200668 0.1929286038632466 0.2476354819860734 0.963667613333532 0.506038174406212 -0.17550763330007138 
0.8817187755288136 -0.6610647598916044 0.7196627962492426 0.3079209133705441 -0.5610610397822912 -0.8043840486098466 0.8375772804992002 0.5305423562854771 -0.8191496653074973 0.6992279806059105 -0.5054950904303388 -0.5458220592334895 0.38668220920447194 -0.577252558731945 -0.8517131462819115 -0.43880394853178656 0.7789247841954097 0.44594648133674963 0.8174148599221844 -0.36156790328300603 -0.8109264858808702 -0.8054072871506188 -0.04040485654345979 0.3137034409740127 -0.2645403368513451 0.26333223652552584 -0.38716798486296494 -1.27097046051941 1.0660695446260808 0.034914683263228476 
0.8353761564706266 0.018810106433193613 -0.5628841330499064 0.5998202910899556 0.6865083828087942 0.40817062411314337 0.7357111371739031 -0.6444060072475756 0.08853255694391203 0.6683849159143409 0.45491275785210106 -0.20628228368210716 0.8227874473719284 -0.47486150127228155 -0.518713396092355 -0.749323549058419 -0.1320256242415149 -0.5286552266347665 -0.41018135219062984 -0.5286467675500376 -0.4547184797765949 -0.002478014203158867 -0.49058427534988575 0.06729356572799843 0.42644849200886176 -0.251364912020808 -0.8240789582465502 0.9913515737081227 0.02896766878045746 -0.632032606591831 
0.4034118421741568 -0.7824325251174131 0.19091944910290057 0.23406274515023112 -0.15246074160608628 0.343081353671386 -0.6932711294390723 -0.5911197836871163 -0.37035673339459674 -0.027832590875762165 0.3114922105206589 0.648884807753526 -0.662613545806083 -0.06345626296211661 0.39573956626905615 0.7528745042014909 0.2780732805395258 0.7664164436568769 0.5802360017357778 -0.33343249569941624 0.28194995361412034 0.2660260836902176 -0.8527336334107344 0.9656758978680857 0.10261366638611195 0.5089177013162764 -0.46148599001651447 -0.10941903293687973 -0.5557189344348249 0.881844402532183 
0.7784933215271927 0.569772812981178 -0.46458588178110033 -0.569062323908499 -0.7627498052658788 0.8613691041889683 -0.2641947987310494 0.569236609044638 -0.10410882108356125 0.9792924106335719 0.9151463465067174 -0.8963328393951447 0.3371891352101716 0.6401377331415343 -0.744308492865875 0.7642659858003551 0.7449349164555745 -0.337924933882943 -0.19530662356513695 0.549473089374235 0.4252919535725265 -0.7412310002855442 0.6267793125905662 -0.850795173515502 -0.2469937018670763 0.23508660548852367 -0.6411569902349413 -1.0193880115276799 0.14227995363657853 -0.6533458065458807 
-0.48549111363514363 0.8473687748273219 -0.2698127045657916 -0.9613290861712773 -0.707037933211616 -0.1562479995176375 -0.3381659772373554 0.7837423378611958 0.30516367484288665 0.1994988724326542 -0.4364065050818466 -0.08467354777534947 -0.2722567056050371 -0.35596608044861855 -0.7620085981729876 -0.63687913742714 0.27448332128246894 0.0852150634447467 0.9403822306608798 0.5242752700047862 0.6780652254254296 0.0028962450304490764 0.28557643711500125 -0.817039009164065 0.388636525787196 -0.313702285669569 0.8376265898936972 0.9094710581824442 -0.44941129112940237 0.03278931398635859 
-0.5208509640391827 -0.07211542728013473 0.9728986132763424 -0.8780388916799942 0.2612598127064104 0.651463637664265 0.2964660723601446 0.1419144193936731 -0.025941385212614607 -0.6690474244305105 0.9156695964627726 -0.29370464909141913 -0.6854368735943136 0.6895373450896956 0.6258922419704691 0.3598451443094639 -0.0733372224721983 0.6582058058718623 0.4363532140852283 0.18093585828208553 -0.21216298343942833 0.6374426255655548 0.7662066842277627 -0.33824730300024164 0.26411565821479344 -0.5990145000139273 -0.6074215355246917 -0.3232179577876063 0.9679845843102703 0.8593197626157697 
-0.18597378952711652 -0.4779681965389115 -0.5301346065498226 0.6946698162559267 -0.42477630561135155 0.46636401497099805 0.008119595203632098 0.8270208688835686 -0.5865513248569598 0.6677216027957859 0.20328931684816912 -0.7182115188554914 0.5655808594363946 -0.7625840475261761 0.5689954920509548 -0.9157302418301632 -0.42937946721400244 -0.35048054692846076 0.390657693557301 -0.6998857426609433 0.15299183570710276 0.6045275556469007 0.7868756589361798 -0.1960610138477449 -0.19266259815476852 0.3217886115060816 0.22562787968186912 0.6962251148487247 -0.8757708472941765 0.8461364204795435 
-0.8100920342012319 -0.6463056394357797 0.9702147263910047 0.2825866315508346 -0.13282510041258053 -0.6907793172559337 -1.0147220685317544 -0.7063059111945693 0.6610961494451737 0.7062048342052942 0.2180480496325698 0.30969272071907217 -0.8482605813473386 -0.016291033053993365 0.41057805469686426 0.10634785979165952 0.05744644179429635 0.3557202968150369 0.5574470692528309 -0.5953841650447335 0.519676782146378 0.6709053591090912 -0.5036029256582003 -0.4104983217665158 0.6891677202907172 0.8501255822243508 0.5356790756125802 -0.86531880822215 -0.1746841753237568 0.8028634328299301 
0.40615232414633495 0.7494754999042247 -0.7533648673934064 -0.18456943675798665 0.25328339282692036 -0.48174236466619325 -0.8930795381772441 -0.05272004997916845 -0.5124779894739526 -0.43109459634164865 -0.3712261075149523 0.37915288161815885 0.28672193945209346 0.8199428727979396 0.1297085761423199 0.6552027742304216 -0.27151968718068237 0.10205956819634963 -0.45495609157799494 -0.02878797555934758 0.5581298081764156 0.9118733348389877 -0.5149550307306369 -0.03408850112395587 0.9774042872612001 -0.5359154800917932 -0.12235605024339802 0.6128738960530085 0.32845409244438317 -0.7750772147124052 
