707.5160617909255
501.4307470550969
488.96250601965005
479.02668152306654
468.153527731724
455.78358369593695
443.1582620146315
423.57190500786
401.6348549060206
374.23335020489964
340.6989584491309
306.8485574536772
278.1151175285775
255.18566598641428
238.22806717852458
225.93205104551964
215.6097120859551
205.3205480432434
191.40470509753592
176.13891703503387
163.9105342271796
152.5895831240431
144.03240914435207
136.39636982775292
128.66641723732872
120.98663985212845
114.24141161308138
107.73896363707316
101.59098838464985
96.14273150857863
91.15083511535013
86.79998677772159
82.85525284621187
78.96323723955153
74.83578135306362
71.21829029312154
68.70630687939057
66.83159687171788
65.29239778347404
64.15812792698657
63.33299815514391
62.61117877858404
61.86154674091659
60.98398980915332
59.670912705730935
56.74597289976134
54.88342913275828
53.53149602627099
51.40958831305516
49.297637922797584
48.45357192426143
47.984053208462164
47.61805689518759
47.185478998953265
46.57361407754749
45.95586185319346
45.718581958100465
45.62672376587672
45.535990900013125
45.43151193516854
45.29921714573388
45.12035516683283
44.87119764829118
44.52152649029389
44.03637288654066
43.39456870883607
42.64004878451906
41.91525658909193
41.362120508512376
41.0118635067238
40.817644868055204
40.7165100208453
40.66482777083817
40.63956981488562
40.62736089773274
40.61810213923218
40.60263563836622
40.57182827064545
40.51601930667269
40.42451278363377
40.285088734344974
40.083993970466935
39.80816825261768
39.4539241196892
39.04633674480414
38.654940487627584
38.357156762213464
38.17144549061827
38.070566089751495
38.02878428586474
38.03280263265524
38.076728923258315
38.15791892066653
38.27509621684471
38.427639231096734
38.615328132734234
38.83823943179563
39.09666641933611
39.39102571463903
39.7217458328545
