10.193060
8.567510
7.610426
6.929975
6.380815
5.907690
5.488219
5.112047
4.773282
4.467780
4.192175
3.943533
3.719226
3.516878
3.334340
3.169670
3.021111
2.887079
2.766143
2.657015
2.558534
2.469653
2.389428
2.317009
2.251631
2.192603
2.139303
2.091171
2.047702
2.008440
1.972974
1.940934
1.911987
1.885831
1.862195
1.840834
1.821527
1.804076
1.788299
1.774035
1.761139
1.749476
1.738929
1.729390
1.720761
1.712956
1.705894
1.699504
1.693721
1.688489
1.683752
1.679465
1.675584
1.672069
1.668887
1.666006
1.663396
1.661032
1.658890
1.656950
1.655191
1.653597
1.652153
1.650843
1.649656
1.648579
1.647602
1.646716
1.645912
1.645183
1.644520
1.643919
1.643373
1.642877
1.642426
1.642016
1.641643
1.641304
1.640996
1.640715
1.640459
1.640226
1.640014
1.639820
1.639643
1.639482
1.639334
1.639199
1.639076
1.638962
1.638859
1.638763
1.638676
1.638595
1.638521
1.638452
1.638389
1.638331
1.638276
1.638226