Número de Presentaciones: 100, Factor escalamiento: 0.003200
P = 4, N =  8
 1 -1 -1 -1 -1 
 1 -1 -1  1  1 
 1 -1  1 -1  1 
 1 -1  1  1 -1 
 1  1 -1 -1  1 
 1  1 -1  1 -1 
 1  1  1 -1 -1 
 1  1  1  1  1 

Error Neurona 1
2.468853
2.250532
2.053926
1.876857
1.717367
1.573698
1.444267
1.327651
1.222572
1.127878
1.042534
0.965611
0.896271
0.833759
0.777399
0.726579
0.680751
0.639421
0.602144
0.568518
0.538184
0.510817
0.486124
0.463842
0.443734
0.425585
0.409204
0.394417
0.381068
0.369016
0.358133
0.348306
0.339431
0.331416
0.324176
0.317635
0.311727
0.306389
0.301565
0.297207
0.293268
0.289708
0.286490
0.283581
0.280952
0.278574
0.276425
0.274481
0.272723
0.271133
0.269695
0.268394
0.267218
0.266153
0.265189
0.264318
0.263529
0.262814
0.262168
0.261583
0.261053
0.260573
0.260138
0.259744
0.259388
0.259064
0.258771
0.258506
0.258265
0.258047
0.257849
0.257669
0.257506
0.257358
0.257224
0.257102
0.256991
0.256890
0.256798
0.256714
0.256638
0.256569
0.256506
0.256448
0.256395
0.256347
0.256303
0.256263
0.256226
0.256192
0.256161
0.256132
0.256105
0.256081
0.256058
0.256038
0.256018
0.256000
0.255983
0.255967

Error Neurona 2
2.878910
2.621312
2.389274
2.180237
1.991899
1.822191
1.669253
1.531411
1.407162
1.295151
1.194162
1.103099
1.020978
0.946911
0.880100
0.819828
0.765447
0.716377
0.672093
0.632123
0.596043
0.563470
0.534059
0.507501
0.483515
0.461849
0.442277
0.424593
0.408614
0.394173
0.381121
0.369321
0.358653
0.349007
0.340283
0.332392
0.325254
0.318795
0.312951
0.307661
0.302873
0.298538
0.294613
0.291058
0.287838
0.284920
0.282277
0.279881
0.277709
0.275740
0.273954
0.272334
0.270865
0.269532
0.268321
0.267223
0.266225
0.265319
0.264495
0.263747
0.263067
0.262448
0.261885
0.261373
0.260907
0.260483
0.260097
0.259745
0.259424
0.259131
0.258864
0.258620
0.258397
0.258194
0.258008
0.257838
0.257682
0.257540
0.257409
0.257289
0.257180
0.257079
0.256986
0.256901
0.256822
0.256750
0.256683
0.256622
0.256565
0.256512
0.256463
0.256418
0.256376
0.256337
0.256301
0.256267
0.256235
0.256206
0.256178
0.256152

Error Neurona 3
3.268732
2.971993
2.704742
2.464025
2.247184
2.051831
1.875817
1.717211
1.574277
1.445452
1.329332
1.224652
1.130276
1.045181
0.968445
0.899241
0.836822
0.780517
0.729722
0.683893
0.642541
0.605223
0.571544
0.541144
0.513702
0.488927
0.466557
0.446358
0.428116
0.411640
0.396758
0.383313
0.371167
0.360191
0.350273
0.341309
0.333206
0.325882
0.319261
0.313274
0.307860
0.302963
0.298535
0.294529
0.290904
0.287625
0.284658
0.281972
0.279542
0.277341
0.275349
0.273545
0.271911
0.270432
0.269091
0.267877
0.266776
0.265779
0.264875
0.264056
0.263313
0.262639
0.262028
0.261473
0.260970
0.260513
0.260099
0.259722
0.259380
0.259070
0.258787
0.258531
0.258297
0.258085
0.257892
0.257716
0.257556
0.257410
0.257277
0.257156
0.257045
0.256944
0.256852
0.256767
0.256690
0.256619
0.256555
0.256495
0.256441
0.256391
0.256345
0.256302
0.256263
0.256227
0.256194
0.256163
0.256135
0.256108
0.256083
0.256060

Error Neurona 4
2.000904
1.828580
1.673406
1.533661
1.407798
1.294428
1.192301
1.100293
1.017394
0.942694
0.875377
0.814707
0.760023
0.710729
0.666291
0.626225
0.590100
0.557524
0.528146
0.501649
0.477750
0.456191
0.436742
0.419194
0.403361
0.389074
0.376180
0.364544
0.354040
0.344559
0.336000
0.328273
0.321297
0.314997
0.309309
0.304171
0.299531
0.295341
0.291555
0.288135
0.285046
0.282255
0.279733
0.277454
0.275394
0.273533
0.271851
0.270330
0.268956
0.267713
0.266590
0.265574
0.264656
0.263825
0.263074
0.262395
0.261781
0.261225
0.260722
0.260267
0.259855
0.259483
0.259146
0.258840
0.258564
0.258314
0.258087
0.257882
0.257696
0.257527
0.257374
0.257236
0.257110
0.256996
0.256893
0.256799
0.256713
0.256636
0.256565
0.256501
0.256443
0.256389
0.256341
0.256297
0.256256
0.256219
0.256185
0.256154
0.256125
0.256099
0.256075
0.256053
0.256032
0.256013
0.255995
0.255979
0.255964
0.255949
0.255936
0.255923

Capa de Entrada
Neurona 1:
d = -0.747619 + -0.240999X1  + -0.249496X2  + 0.251033X3 
-1 -1 -1 => -0.508158
-1 -1  1 => -0.006092
-1  1 -1 => -1.007149
-1  1  1 => -0.505083
 1 -1 -1 => -0.990155
 1 -1  1 => -0.488090
 1  1 -1 => -1.489146
 1  1  1 => -0.987081
Neurona 2:
d = -0.750315 + -0.251061X1  + 0.236566X2  + -0.240961X3 
-1 -1 -1 => -0.494860
-1 -1  1 => -0.976781
-1  1 -1 => -0.021729
-1  1  1 => -0.503650
 1 -1 -1 => -0.996981
 1 -1  1 => -1.478902
 1  1 -1 => -0.523850
 1  1  1 => -1.005771
Neurona 3:
d = -0.737416 + 0.246688X1  + -0.252162X2  + -0.250725X3 
-1 -1 -1 => -0.481217
-1 -1  1 => -0.982666
-1  1 -1 => -0.985541
-1  1  1 => -1.486990
 1 -1 -1 => 0.012159
 1 -1  1 => -0.489290
 1  1 -1 => -0.492165
 1  1  1 => -0.993614
Neurona 4:
d = -0.741590 + 0.249753X1  + 0.251490X2  + 0.252927X3 
-1 -1 -1 => -1.495760
-1 -1  1 => -0.989905
-1  1 -1 => -0.992780
-1  1  1 => -0.486926
 1 -1 -1 => -0.996254
 1 -1  1 => -0.490400
 1  1 -1 => -0.493275
 1  1  1 => 0.012580

Capa de Salida
Error Neurona 5:
3.967099
2.725510
1.922360
1.400893
1.060564
0.836847
0.688313
0.588345
0.519834
0.471771
0.437069
0.411160
0.391094
0.374964
0.361532
0.349993
0.339820
0.330667
0.322303
0.314571
0.307365
0.300610
0.294252
0.288250
0.282573
0.277197
0.272100
0.267264
0.262674
0.258316
0.254177
0.250246
0.246511
0.242962
0.239589
0.236384
0.233337
0.230442
0.227689
0.225073
0.222585
0.220220
0.217971
0.215833
0.213800
0.211866
0.210027
0.208278
0.206615
0.205033
0.203528
0.202096
0.200733
0.199437
0.198204
0.197031
0.195914
0.194852
0.193841
0.192878
0.191962
0.191091
0.190261
0.189471
0.188718
0.188002
0.187320
0.186671
0.186053
0.185464
0.184903
0.184369
0.183861
0.183376
0.182915
0.182475
0.182056
0.181657
0.181277
0.180914
0.180569
0.180240
0.179926
0.179627
0.179342
0.179071
0.178812
0.178565
0.178329
0.178105
0.177891
0.177687
0.177492
0.177306
0.177129
0.176960
0.176799
0.176645
0.176498
0.176358

Neurona 5:
d = 0.366237 + 0.275284X1  + 0.223070X2  + 0.323332X3  + 0.182814X4 
-1 -1 -1 => -0.638263
-1 -1  1 => -0.638263
-1  1 -1 => -0.638263
-1  1  1 => -0.638263
 1 -1 -1 => 0.008400
 1 -1  1 => -0.638263
 1  1 -1 => -0.638263
 1  1  1 => -0.272636
