35.44003708432171
34.685961110841724
33.569442487763155
32.77403023479809
32.212865963669884
31.809945785563176
31.511843984974405
31.284224576165776
31.105365756129743
30.96126093886319
30.842590368195832
30.742924913310652
30.657652611773813
30.583309839727598
30.517130629170147
30.456697199576833
30.399600553267913
30.34301439508896
30.283066914047538
30.21396325582257
30.127368395617435
30.014106216701844
29.869771422474813
29.69665744882539
29.493348498737628
29.247242518968903
28.951110232377967
28.62719626951999
28.299738075670675
27.995423182010832
27.77015354729213
27.651404173235733
27.60219077787235
27.813219002197737
28.24352133286173
28.490239009606537
28.39038371604408
27.92091902402458
27.606473874374807
27.328850179406757
27.18862948250239
26.173736842108006
28.198714504702654
27.04460412868416
24.957803062771845
27.824050214570665
28.01301834379387
25.656381176989974
26.06199529415156
24.844137437706376
26.112473779100082
24.745606644646692
27.963463857869087
25.29735528403393
24.795967249048996
23.704607895530977
25.727570583501667
27.237141565356847
24.132769992186308
24.917232409725436
26.56179908622454
24.353839862726648
24.239320304392283
24.06852118201636
24.099071990567495
24.72811034309414
24.972481123980817
26.680611017404587
24.472057962302323
24.040905553987564
26.78753752457283
27.177373448818855
27.07341539412866
25.82733603188998
25.00207336004841
27.970244914045647
25.87736918566693
24.318203770323052
33.332843459589604
26.040806566041827
30.54974618504102
24.04082040313716
25.628161560299183
24.86629775572517
25.527518826448834
23.541334519185313
22.598111767976704
27.737257841699172
23.77775563786193
24.364046468215907
26.899524102083948
25.83415778181751
28.313815775754932
23.56829838611288
24.632041196366412
23.463545261781253
26.0807083139587
24.157233502312685
23.61743804455506
24.68086606680411
